Name=earth
Mass=5.97219E24
Radius=6371000.0
Image_Path=/src/main/java/misc/earthScaled.png
Icon_Path=/src/main/java/misc/earthIcon.png
Start_Time=2021-04-01T00:00
End_Time=2021-04-01T00:00
No_of_Steps=367
$SOE
2021-04-01T00:00,-1.471922101663588E11,-2.860995816266412E10,8278183.19359608,5427.193405797901,-29310.56622265021,0.6575428158157592
2021-04-01T00:00,-1.4672330065609787E11,-3.1142391084301098E10,8334994.892882561,5929.796558057193,-29205.84940335822,0.6683314849924755
2021-04-01T00:00,-1.4621096623348172E11,-3.3665776472751247E10,8392738.733185912,6429.540629822743,-29092.784050822145,0.732663300690456
2021-04-01T00:00,-1.4565545392306503E11,-3.617939301474228E10,8456040.842365567,6926.343941324578,-28971.560505845016,0.8456776908773255
2021-04-01T00:00,-1.4505701780653458E11,-3.868253584244729E10,8529107.394857368,7420.180188868546,-28842.3673085463,0.9976369773771032
2021-04-01T00:00,-1.4441591423821634E11,-4.1174516377905685E10,8615303.229702748,7911.077871162269,-28705.352741845774,1.1738444500636718
2021-04-01T00:00,-1.4373239711014792E11,-4.365465885480116E10,8716723.390188249,8399.091088143994,-28560.593331598946,1.3571286454633873
2021-04-01T00:00,-1.4300671564013226E11,-4.612229411865131E10,8833979.305156285,8884.25469088958,-28408.089767705904,1.531820817907399
2021-04-01T00:00,-1.4223911603483942E11,-4.85767530745811E10,8966328.623823484,9366.549369865099,-28247.79272728961,1.6869642879917977
2021-04-01T00:00,-1.4142984616928308E11,-5.1017362366218925E10,9112082.338305976,9845.892788540814,-28079.64053686526,1.8172568885608977
2021-04-01T00:00,-1.4057916103235315E11,-5.344344330860408E10,9269093.333477639,10322.152697764192,-27903.588350396636,1.9220088530837365
2021-04-01T00:00,-1.3968732703926633E11,-5.585431334207835E10,9435154.898384074,10795.167895800152,-27719.621145641475,2.003340440957458
2021-04-01T00:00,-1.3875462453306918E11,-5.824928860906177E10,9608243.512482798,11264.76619700596,-27527.754113797462,2.064594512748361
2021-04-01T00:00,-1.3778134873364786E11,-6.0627686564493866E10,9786624.478384256,11730.775772735793,-27328.02711573297,2.1093126751705444
2021-04-01T00:00,-1.3676780970688348E11,-6.29888281072932E10,9968869.093518991,12193.030717991836,-27120.497996091373,2.1407182247267658
2021-04-01T00:00,-1.3571433185284898E11,-6.5332039134155495E10,1.0153827148135383E7,12651.37295145585,-26905.23693408367,2.1615277837373466
2021-04-01T00:00,-1.346212532298432E11,-6.765665160526032E10,1.0340583148650289E7,13105.652227788936,-26682.322352588122,2.1739361773416612
2021-04-01T00:00,-1.3348892487736224E11,-6.996200425652394E10,1.0528411234372608E7,13555.725371576598,-26451.838198868805,2.179675626109376
2021-04-01T00:00,-1.3231771020525803E11,-7.22474430769062E10,1.0716735208468458E7,14001.455311364527,-26213.872231276808,2.1800966329639433
2021-04-01T00:00,-1.3110798446635612E11,-7.451232163768852E10,1.0905095557556542E7,14442.710170667331,-25968.514979145475,2.176246529204625
2021-04-01T00:00,-1.2986013430761047E11,-7.675600133188669E10,1.1093123257679822E7,14879.362505496903,-25715.85912961095,2.1689367861467903
2021-04-01T00:00,-1.2857455738713554E11,-7.897785156068507E10,1.1280519396002905E7,15311.288701038471,-25455.999175732664,2.1587973165068552
2021-04-01T00:00,-1.2725166204336581E11,-8.117724988946838E10,1.1467039484149098E7,15738.36850986321,-25189.031220215562,2.146318897410462
2021-04-01T00:00,-1.2589186700411363E11,-8.3353582186895E10,1.1652481436885362E7,16160.484705660816,-24915.052869387477,2.131885747860397
2021-04-01T00:00,-1.2449560112554454E11,-8.550624275481009E10,1.18366763655005E7,16577.522827202298,-24634.163177882325,2.115800330648797
2021-04-01T00:00,-1.2306330315327426E11,-8.763463445337912E10,1.2019481514068557E7,16989.37099110701,-24346.46262048857,2.09830217063796
2021-04-01T00:00,-1.2159542149964261E11,-8.973816882378934E10,1.2200774821611676E7,17395.919756387182,-24052.05307737636,2.079582131679702
2021-04-01T00:00,-1.2009241403269075E11,-9.181626620967465E10,1.2380450717788802E7,17797.062027686414,-23751.03782478667,2.059793269950336
2021-04-01T00:00,-1.1855474787349864E11,-9.386835587773622E10,1.2558416856312511E7,18192.692987339895,-23443.521526763743,2.0390591123648454
2021-04-01T00:00,-1.1698289919939247E11,-9.58938761376486E10,1.2734591563620834E7,18582.710048876947,-23129.610225575576,2.0174799974067064
2021-04-01T00:00,-1.1537735305116951E11,-9.789227446113834E10,1.2908901835396772E7,18967.012826472306,-22809.411329669274,1.9951379545547239
2021-04-01T00:00,-1.137386031429623E11,-9.986300760002176E10,1.30812817546703E7,19345.503116259122,-22483.033598695918,1.9721004775588493
2021-04-01T00:00,-1.1206715167371751E11,-1.0180554170294908E11,1.3251671235931383E7,19718.084886458266,-22150.587125521626,1.94842345683977
2021-04-01T00:00,-1.1036350913952753E11,-1.0371935243059415E11,1.342001502260234E7,20084.664274047744,-21812.18331534407,1.9241534695931
2021-04-01T00:00,-1.086281941462498E11,-1.0560392506903987E11,1.3586261882375184E7,20445.149586263877,-21467.93486213137,1.8993295767818055
2021-04-01T00:00,-1.068617332219966E11,-1.0745875464112802E11,1.3750363957809132E7,20799.45130564608,-21117.955722638526,1.873984739570797
2021-04-01T00:00,-1.0506466062918878E11,-1.09283346015564E11,1.3912276239308048E7,21147.482097648626,-20762.36108826169,1.8481469405281978
2021-04-01T00:00,-1.0323751817595193E11,-1.110772140135898E11,1.4071956134969685E7,21489.156820075055,-20401.267354978416,1.8218400746096222
2021-04-01T00:00,-1.0138085502669745E11,-1.1283988351305994E11,1.4229363117415957E7,21824.392533764378,-20034.792091601998,1.795084659738431
2021-04-01T00:00,-9.949522751178021E10,-1.1457088954977435E11,1.4384458432017358E7,22153.108514088846,-19663.05400655475,1.767898405367791
2021-04-01T00:00,-9.758119893616293E10,-1.1626977741594069E11,1.4537204854241135E7,22475.22626292161,-19286.17291334208,1.7402966687871377
2021-04-01T00:00,-9.563933938704651E10,-1.1793610275565344E11,1.4687566486424344E7,22790.669520807387,-18904.269694887334,1.7122928224033935
2021-04-01T00:00,-9.367022554044875E10,-1.195694316572917E11,1.4835508586279998E7,23099.36427912642,-18517.46626686783,1.6838985502616137
2021-04-01T00:00,-9.167444046673222E10,-1.2116934074274908E11,1.4980997421022601E7,23401.23879208577,-18125.885540175044,1.6551240882831708
2021-04-01T00:00,-8.965257343509601E10,-1.2273541725342021E11,1.5124000142250268E7,23696.2235884057,-17729.651382606706,1.625978419804437
2021-04-01T00:00,-8.760521971705775E10,-1.2426725913287743E11,1.5264484677721372E7,23984.25148259518,-17328.888579885377,1.5964694357799565
2021-04-01T00:00,-8.553298038896153E10,-1.2576447510617952E11,1.540241963697276E7,24265.257585730713,-16923.722796086826,1.5666040673089296
2021-04-01T00:00,-8.34364621335544E10,-1.2722668475576143E11,1.5537774228388252E7,24539.179315668796,-16514.280533551566,1.5363883968284677
2021-04-01T00:00,-8.131627704068062E10,-1.2865351859386029E11,1.5670518185874231E7,24805.956406634814,-16100.689092344523,1.5058277532953899
2021-04-01T00:00,-7.917304240714737E10,-1.3004461813143886E11,1.5800621703758953E7,25065.530918141172,-15683.076529320346,1.4749267958743772
2021-04-01T00:00,-7.700738053581998E10,-1.3139963594357214E11,1.59280553789225E7,25317.84724319553,-15261.571616845378,1.443689590002763
2021-04-01T00:00,-7.481991853400789E10,-1.3271823573126758E11,1.6052790159498738E7,25562.85211576654,-14836.30380122156,1.4121196791605461
2021-04-01T00:00,-7.261128811120566E10,-1.3400009237969312E11,1.617479729977821E7,25800.49461747992,-14407.403160852387,1.380220155195947
2021-04-01T00:00,-7.038212537625539E10,-1.3524489201279076E11,1.629404832118714E7,26030.72618352249,-13975.00036418645,1.347993729606279
2021-04-01T00:00,-6.813307063399905E10,-1.3645233204425647E11,1.6410514979425123E7,26253.500607735765,-13539.226627469952,1.315442807721534
2021-04-01T00:00,-6.586476818149068E10,-1.3762212122486987E11,1.6524169238012264E7,26468.774046884624,-13100.213672335947,1.28256956726081
2021-04-01T00:00,-6.357786610383984E10,-1.387539796861597E11,1.6634983248623598E7,26676.505024090085,-12658.093683254838,1.2493760422138196
2021-04-01T00:00,-6.127301606975846E10,-1.398476389803929E11,1.6742929338670872E7,26876.65443141867,-12212.999264868055,1.2158642124341623
2021-04-01T00:00,-5.895087312688389E10,-1.409028421168775E11,1.6847980006625183E7,27069.18553162425,-11765.063399224702,1.1820360987208118
2021-04-01T00:00,-5.661209549695155E10,-1.4191934359457053E11,1.695010792555466E7,27254.063959041698,-11314.419402939566,1.1478938625235393
2021-04-01T00:00,-5.425734437089035E10,-1.428969094309845E11,1.7049285955276694E7,27431.2577196347,-10861.200884290181,1.1134399087624502
2021-04-01T00:00,-5.188728370391391E10,-1.4383531718738718E11,1.714548716339377E7,27600.73719020345,-10405.541700270733,1.0786769896378636
2021-04-01T00:00,-4.950258001068033E10,-1.4473435599029056E11,1.7238684855298482E7,27762.475116760404,-9947.57591362141,1.0436083067692177
2021-04-01T00:00,-4.710390216059223E10,-1.4559382654922745E11,1.7328852613003343E7,27916.44661208482,-9487.437749853449,1.0082376085897369
2021-04-01T00:00,-4.4691921173308105E10,-1.464135411708148E11,1.7415964342385497E7,28062.629152468347,-9025.261554292325,0.9725692796852777
2021-04-01T00:00,-4.226731001453484E10,-1.4719332376910565E11,1.7499994328150306E7,28201.002573665082,-8561.181749164229,0.9366084187414384
2021-04-01T00:00,-3.983074339217018E10,-1.4793300987223343E11,1.7580917295529567E7,28331.549066059546,-8095.332790753889,0.9003609019785709
2021-04-01T00:00,-3.738289755286264E10,-1.4863244662535455E11,1.7658708477460515E7,28454.2531690655,-7627.849126664623,0.863833429415496
2021-04-01T00:00,-3.492445007905538E10,-1.4929149278989838E11,1.7733343685762014E7,28569.101764767045,-7158.865153214007,0.8270335519913217
2021-04-01T00:00,-3.245607968657951E10,-1.4991001873913608E11,1.7804799384654064E7,28676.08407081132,-6688.515173000373,0.7899696784481862
2021-04-01T00:00,-2.9978466022861412E10,-1.504879064500833E11,1.787305276487199E7,28775.191632559636,-6216.933352676374,0.752651061871845
2021-04-01T00:00,-2.7492289465808258E10,-1.5102504949175455E11,1.7938081816617716E7,28866.41831450103,-5744.253680965744,0.7150877668225437
2021-04-01T00:00,-2.4998230923435368E10,-1.5152135300978998E11,1.7999865399671182E7,28949.760290929582,-5270.6099269583265,0.6772906189801499
2021-04-01T00:00,-2.2496971634299053E10,-1.519767337074792E11,1.805838330915107E7,29025.216035884467,-4796.13559871628,0.6392711400936032
2021-04-01T00:00,-1.9989192968798637E10,-1.5239111982320828E11,1.8113616335655157E7,29092.78631234987,-4320.963902221404,0.6010414716975578
2021-04-01T00:00,-1.747557623141161E10,-1.527644511043602E11,1.8165546318809826E7,29152.474160710884,-3845.2277006899167,0.5626142914919845
2021-04-01T00:00,-1.495680246392619E10,-1.530966787776998E11,1.8214156193594735E7,29204.28488646125,-3369.059474277065,0.5240027264523062
2021-04-01T00:00,-1.2433552249735937E10,-1.5338776551627734E11,1.8259430029160213E7,29248.22604715931,-2892.5912801899913,0.4852202666532776
2021-04-01T00:00,-9.906505519261372E9,-1.5363768540288577E11,1.8301353060199056E7,29284.307438630007,-2415.9547132234925,0.4462806834772815
2021-04-01T00:00,-7.376341356563739E9,-1.5384642389010828E11,1.8339911711251494E7,29312.541080412502,-1939.2808667300392,0.40719795538245174
2021-04-01T00:00,-4.843737807216099E9,-1.5401397775699374E11,1.837509361459654E7,29332.941200455552,-1462.7002940327275,0.3679862037837669
2021-04-01T00:00,-2.309371687496739E9,-1.5414035506239816E11,1.8406887622603457E7,29345.52421906523,-986.3429702878602,0.3286596409096121
2021-04-01T00:00,2.2608160503049707E8,-1.5422557509503104E11,1.8435283815578047E7,29350.308732112408,-510.33825480259435,0.289232530792288
2021-04-01T00:00,2.761948279485009E9,-1.5426966832024597E11,1.84602735062385E7,29347.31549350986,-34.8148538125057,0.24971916388011334
2021-04-01T00:00,5.297556338124262E9,-1.542726763236154E11,1.8481849241997745E7,29336.567396971455,440.09921627605524,0.210133845156316
2021-04-01T00:00,7.832235761222595E9,-1.5423465175132913E11,1.850000480621925E7,29318.08945706771,914.2766651734572,0.1704908951387322
2021-04-01T00:00,1.0365318690313246E10,-1.5415565824745816E11,1.8514735219559237E7,29291.908789594003,1387.590964517893,0.1308046627256853
2021-04-01T00:00,1.2896139609734167E10,-1.540357703881238E11,1.8526036742418736E7,29258.054591268963,1859.9163832027452,0.09108954854863777
2021-04-01T00:00,1.5424035526419806E10,-1.5387507361261508E11,1.853390687941334E7,29216.55811878158,2331.1280222116025,0.0513600372852235
2021-04-01T00:00,1.7948346147882534E10,-1.53673664151496E11,1.8538344386634782E7,29167.452667206413,2801.101848950988,0.01163073726600957
2021-04-01T00:00,2.046841405832917E10,-1.5343164895174664E11,1.8539349282334566E7,29110.773547806515,3269.7147310695473,-0.02808357433871031
2021-04-01T00:00,2.2983584892859653E10,-1.5314914559898224E11,1.85369228615117E7,29046.558065244022,3736.8444697511854,-0.06776790245375852
2021-04-01T00:00,2.5493207509696735E10,-1.5282628223679575E11,1.8531067714739695E7,28974.845494218116,4202.36983246847,-0.10740698279928493
2021-04-01T00:00,2.799663416039718E10,-1.5246319748327048E11,1.8521787751425836E7,28895.67705555003,4666.170585181542,-0.1469852299075019
2021-04-01T00:00,3.04932206579967E10,-1.520600403447108E11,1.8509088227561828E7,28809.095891734163,5128.127523966834,-0.18648668588879352
2021-04-01T00:00,3.2982326543042534E10,-1.5161697012664005E11,1.8492975777901035E7,28715.147041974044,5588.122506059033,-0.22589497124234675
2021-04-01T00:00,3.546331524746909E10,-1.5113415634211655E11,1.8473458452385698E7,28613.87741672106,6046.038480289023,-0.2651932388533801
2021-04-01T00:00,3.7935554256273796E10,-1.506117786174196E11,1.8450545756548766E7,28505.335771733295,6501.759516899892,-0.30436413215254265
2021-04-01T00:00,4.039841526695155E10,-1.5005002659515942E11,1.8424248695530787E7,28389.572681670797,6955.170836722592,-0.3433897482335523
2021-04-01T00:00,4.285127434664791E10,-1.4944909983486658E11,1.8394579821283408E7,28266.64051324288,7406.158839692406,-0.3822516065319108
2021-04-01T00:00,4.5293512086992096E10,-1.4880920771111716E11,1.836155328247905E7,28136.59339792187,7854.6111326870705,-0.42093062345928234
2021-04-01T00:00,4.772451375657255E10,-1.48130569309253E11,1.8325184876612168E7,27999.487204236797,8300.416556667122,-0.4594070931632732
2021-04-01T00:00,5.014366945101861E10,-1.4741341331875696E11,1.828549210376286E7,27855.37950965933,8743.465213098925,-0.49766067433950145
2021-04-01T00:00,5.2550374240653175E10,-1.466579779243452E11,1.8242494221499927E7,27704.329572093186,9183.648489640684,-0.5356703827608358
2021-04-01T00:00,5.494402831568203E10,-1.4586451069484027E11,1.8196212300429393E7,27546.39830097695,9620.859085071694,-0.5734145889067668
2021-04-01T00:00,5.732403712888644E10,-1.4503326846989008E11,1.8146669279947847E7,27381.64822800925,10054.991033445038,-0.6108710197736336
2021-04-01T00:00,5.968981153578644E10,-1.4416451724460043E11,1.8093890023839407E7,27210.14347750381,10485.939727443767,-0.6480167636235027
2021-04-01T00:00,6.204076793224277E10,-1.432585320521493E11,1.8037901375462335E7,27031.949736381033,10913.601940920456,-0.6848282760852845
2021-04-01T00:00,6.437632838946609E10,-1.4231559684445377E11,1.7978732212408565E7,26847.134223801324,11337.875850599572,-0.7212813856546695
2021-04-01T00:00,6.669592078640252E10,-1.4133600437096198E11,1.7916413500688E7,26655.765660444442,11758.661056921443,-0.757351296246672
2021-04-01T00:00,6.899897893946492E10,-1.4032005605564395E11,1.785097834869229E7,26457.914237437828,12175.8586040055,-0.7930125840303841
2021-04-01T00:00,7.128494272957954E10,-1.3926806187225787E11,1.7782462061432064E7,26253.651584935713,12589.370998708851,-0.8282391853108225
2021-04-01T00:00,7.355325822651799E10,-1.3818034021796942E11,1.7710902195821207E7,26043.05074034931,12999.102228753836,-0.8630043717032629
2021-04-01T00:00,7.580337781048418E10,-1.3705721778540509E11,1.7636338618106045E7,25826.186116226796,13404.957779894883,-0.8972807082502015
2021-04-01T00:00,7.803476029092618E10,-1.3589902943322217E11,1.755881356491323E7,25603.133467779695,13806.84465209041,-0.9310399894301747
2021-04-01T00:00,8.024687102254234E10,-1.3470611805528156E11,1.7478371709826462E7,25373.969860049696,14204.67137463938,-0.9642531471594202
2021-04-01T00:00,8.243918201845064E10,-1.3347883444851271E11,1.7395060237911887E7,25138.77363470634,14598.348020233949,-0.9968901238346141
2021-04-01T00:00,8.461117206048926E10,-1.322175371795645E11,1.7308928931212578E7,24897.624376461485,14987.786217869072,-1.028919702129923
2021-04-01T00:00,8.676232680661552E10,-1.309225924503406E11,1.722003026894855E7,24650.6028790801,15372.89916453598,-1.060309281538829
2021-04-01T00:00,8.889213889536804E10,-1.295943739625247E11,1.7128419547023598E7,24397.791110958475,15753.601635608531,-1.0910245893971655
2021-04-01T00:00,9.100010804735486E10,-1.2823326278120813E11,1.7034155022499684E7,24139.272180229513,16129.809993808149,-1.12102931114245
2021-04-01T00:00,9.308574116372668E10,-1.268396471977431E11,1.6937298090016976E7,23875.130299339162,16501.44219660287,-1.150284620585604
2021-04-01T00:00,9.514855242158958E10,-1.2541392259195662E11,1.683791349879838E7,23605.450749017044,16868.41780185675,-1.1787485856182067
2021-04-01T00:00,9.718806336630466E10,-1.2395649129387619E11,1.6736069621000968E7,23330.319841535536,17230.65797149445,-1.206375417521493
2021-04-01T00:00,9.920380300061333E10,-1.2246776244513907E11,1.6631838784927111E7,23049.824883112327,17588.085472878214,-1.2331145221265487
2021-04-01T00:00,1.0119530787051424E11,-1.209481518602824E11,1.6525297690215377E7,22764.054135257247,17940.624677504555,-1.258909297406508
2021-04-01T00:00,1.0316212214780046E11,-1.19398081888146E11,1.6416527926919455E7,22473.09677478902,18288.20155650754,-1.2836956030612645
2021-04-01T00:00,1.0510379770914223E11,-1.1781798127366374E11,1.6305616626814961E7,22177.04285214192,18630.74367229276,-1.307399800905977
2021-04-01T00:00,1.0701989421156729E11,-1.1620828502037766E11,1.6192657284016686E7,21875.98324743255,18968.180165402937,-1.3299362268096728
2021-04-01T00:00,1.0890997916414546E11,-1.1456943425408684E11,1.607775079402033E7,21570.00962354147,19300.441735407436,-1.3512039000503937
2021-04-01T00:00,1.1077362799561945E11,-1.1290187608814763E11,1.5961006777055977E7,21259.214375150103,19627.46061417446,-1.3710821956814796
2021-04-01T00:00,1.1261042411763242E11,-1.1120606349108296E11,1.5842545275349097E7,20943.690572207328,19949.170529268325,-1.389425086212591
2021-04-01T00:00,1.1441995898307114E11,-1.0948245515735417E11,1.5722498947900329E7,20623.531895597447,20265.506654323704,-1.4060533785110876
2021-04-01T00:00,1.1620183213885075E11,-1.0773151538242061E11,1.560101593599697E7,20298.832561700012,20576.40554194174,-1.4207440937354192
2021-04-01T00:00,1.1795565127218164E11,-1.0595371394359685E11,1.547826364629823E7,19969.68723083405,20881.805032700722,-1.4332157002522574
2021-04-01T00:00,1.196810322489257E11,-1.041495259887715E11,1.5354433809796434E7,19636.190891848506,21181.644130901932,-1.4431072037786299
2021-04-01T00:00,1.2137759914198141E11,-1.0231943193586157E11,1.522974934738996E7,19298.438710614515,21475.862833052877,-1.4499479317092092
2021-04-01T00:00,1.230449842465785E11,-1.004639173870858E11,1.5104473846090285E7,18956.525822521045,21764.401887751923,-1.453112861244117
2021-04-01T00:00,1.2468282807764432E11,-9.858347306398404E10,1.4978924894878794E7,18610.547035647687,22047.202453694117,-1.4517548460147265
2021-04-01T00:00,1.2629077934152428E11,-9.667859477198486E10,1.485349327618312E7,18260.59638685739,22324.205602570444,-1.4446987211247304
2021-04-01T00:00,1.2786849486934875E11,-9.474978340792278E10,1.4728671306677945E7,17906.766446725524,22595.35157940405,-1.4302701463667506
2021-04-01T00:00,1.2941563949034584E11,-9.279754503146227E10,1.4605095966031857E7,17549.14717712402,22860.5786725078,-1.4060078840204435
2021-04-01T00:00,1.3093188580644936E11,-9.08223910341576E10,1.4483616884852491E7,17187.823951943144,23119.821436144968,-1.3681573268796232
2021-04-01T00:00,1.3241691379589725E11,-8.882483846207466E10,1.4365408091810092E7,16822.873919117497,23373.007808819126,-1.3107289327275036
2021-04-01T00:00,1.33870410102509E11,-8.680541058739268E10,1.4252161112022435E7,16454.358841634687,23620.054309035477,-1.2236294078767054
2021-04-01T00:00,1.3529206670642624E11,-8.476463789509203E10,1.4146439531181889E7,16082.309827612236,23860.85792126003,-1.0886471588989974
2021-04-01T00:00,1.3668157827553194E11,-8.270305977069516E10,1.4052380416653015E7,15706.691484315554,24095.28303451134,-0.8699643846896238
2021-04-01T00:00,1.380386364197768E11,-8.062122731651338E10,1.3977215493815832E7,15327.307997954003,24323.14742305271,-0.48910842808795607
2021-04-01T00:00,1.3936291583080002E11,-7.851970737916162E10,1.3934956525629032E7,14943.53202080897,24544.2702803721,0.24813411615441716
2021-04-01T00:00,1.4065403699739792E11,-7.639908242693747E10,1.3956395313264774E7,14553.622018602973,24759.149436858836,1.8405213894398003
2021-04-01T00:00,1.419114699398052E11,-7.425989191559286E10,1.4115416361312373E7,14156.503904320249,24972.663938392714,4.645173332287442
2021-04-01T00:00,1.431345918771385E11,-7.210225375131573E10,1.4516759337222008E7,13762.977172769117,25185.135949897358,5.796025303615796
2021-04-01T00:00,1.4432371310486575E11,-6.99262580052446E10,1.5017535923454413E7,13371.340810288772,25387.80701443458,5.700366947342943
2021-04-01T00:00,1.454789969508747E11,-6.773275147919745E10,1.5510047627704844E7,12977.53955508057,25582.14814973926,5.484468447150704
2021-04-01T00:00,1.4660025636843365E11,-6.5522453879059975E10,1.5983905701538665E7,12581.113224766274,25769.394807025652,5.309594650659122
2021-04-01T00:00,1.4768726455105347E11,-6.3295978167732956E10,1.6442654679355614E7,12182.175344517447,25949.981295410977,5.176576895247407
2021-04-01T00:00,1.4873980450081976E11,-6.105389978380945E10,1.688991092310499E7,11780.880165615024,26124.060628862615,5.072963358752318
2021-04-01T00:00,1.497576725471289E11,-5.8796780945475716E10,1.7328214957301192E7,11377.367806560396,26291.68861183941,4.989254829156846
2021-04-01T00:00,1.5074067712561572E11,-5.652517904941279E10,1.7759286574540343E7,10971.765003606444,26452.883763987847,4.919199560853218
2021-04-01T00:00,1.516886376219273E11,-5.423964989220424E10,1.8184305416598063E7,10564.18979559991,26607.649016085852,4.858713467965812
2021-04-01T00:00,1.5260138362026715E11,-5.1940749017214424E10,1.860409826023031E7,10154.754797614947,26755.980527304255,4.805070484941856
2021-04-01T00:00,1.534787544347811E11,-4.9629032299655334E10,1.9019256350129288E7,9743.569174504677,26897.871643199218,4.756400549896656
2021-04-01T00:00,1.543205988114583E11,-4.730505618968292E10,1.943020935764036E7,9330.739810688667,27033.31482397262,4.71138595544775
2021-04-01T00:00,1.551267747311018E11,-4.4969377788891685E10,1.9837273104191046E7,8916.372012560563,27162.302648620833,4.669075217032827
2021-04-01T00:00,1.5589714927298703E11,-4.262255484005084E10,2.0240681202942684E7,8500.569938419258,27284.82836675135,4.628766203967343
2021-04-01T00:00,1.5663159851566644E11,-4.026514566916353E10,2.0640606602965463E7,8083.436866237198,27400.886215017876,4.589930805699425
2021-04-01T00:00,1.5733000746090933E11,-3.789770910018598E10,2.1037176624577895E7,7665.07536242016,27510.471604496975,4.552165112185201
2021-04-01T00:00,1.5799226997222244E11,-3.552080435355744E10,2.1430483690270696E7,7245.587388534472,27613.58123403388,4.51515566961473
2021-04-01T00:00,1.5861828872259183E11,-3.3134990934936913E10,2.182059314012541E7,6825.074368210035,27710.213159411353,4.478656116971952
2021-04-01T00:00,1.592079751480052E11,-3.074082851796377E10,2.2207549028631784E7,6403.63722790313,27800.366835217224,4.4424706828783
2021-04-01T00:00,1.5976124940449603E11,-2.8338876823401005E10,2.259137849563247E7,5981.376420159102,27884.043139300873,4.406442314111467
2021-04-01T00:00,1.6027804032719778E11,-2.592969549616541E10,2.29720951115717E7,5558.391934956354,27961.24438580342,4.370443993237048
2021-04-01T00:00,1.6075828539037802E11,-2.3513843981231995E10,2.334970147258738E7,5134.783302814395,28031.974330488436,4.334372292024668
2021-04-01T00:00,1.6120193066774118E11,-2.1091881399077793E10,2.372419123861831E7,4710.649592143778,28096.23817075435,4.298142518425526
2021-04-01T00:00,1.616089307925024E11,-1.866436642112462E10,2.4095550752210274E7,4286.089402535354,28154.042541886207,4.261685016733028
2021-04-01T00:00,1.6197924891688147E11,-1.623185714550565E10,2.4463760337656006E7,3861.2008551710624,28205.395510587718,4.224942313974343
2021-04-01T00:00,1.6231285667076825E11,-1.3794910973390871E10,2.4828795353583388E7,3436.081581192323,28250.30656650338,4.187866895323425
2021-04-01T00:00,1.6260973411938327E11,-1.135408448604498E10,2.5190627053339332E7,3010.8287086256382,28288.78661222362,4.1504194526669265
2021-04-01T00:00,1.6286986971980853E11,-8.90993332274886E9,2.5549223294049755E7,2585.5388483010856,28320.84795212148,4.112567493013761
2021-04-01T00:00,1.6309326027630176E11,-6.463012059685564E9,2.5904549125446144E7,2160.308079084026,28346.50428027147,4.074284223380812
2021-04-01T00:00,1.6327991089433463E11,-4.013874089870109E9,2.6256567282346245E7,1735.2319326581858,28365.770667633748,4.0355476501265315
2021-04-01T00:00,1.6342983493331628E11,-1.5630715041865535E9,2.6605238599317178E7,1310.4053780389443,28378.663548639714,3.9963398460970816
2021-04-01T00:00,1.6354305395797885E11,8.888450264159179E8,2.6950522362019967E7,885.9228059523648,28385.200707281718,3.9566463501791778
2021-04-01T00:00,1.6361959768841315E11,3.3413263675250583E9,2.729237660667545E7,461.87801318355446,28385.401262785654,3.9164556721327477
2021-04-01T00:00,1.636595039487522E11,5.793825036629739E9,2.763075837674772E7,38.36418697410255,28379.285654927862,3.8757588817409308
2021-04-01T00:00,1.6366281861450677E11,8.245795317215506E9,2.7965623944130138E7,-384.52611046958936,28366.87562904495,3.8345492659476386
2021-04-01T00:00,1.636295955585622E11,1.069669337156499E10,2.8296929000708014E7,-806.7009573089213,28348.19422077574,3.7928220411650675
2021-04-01T00:00,1.635598965958507E11,1.3145977352240013E10,2.8624628825064674E7,-1228.0690872089392,28323.26574056738,3.750574110618226
2021-04-01T00:00,1.6345379142671585E11,1.5593107512225035E10,2.894867842822209E7,-1648.539904247792,28292.115757972348,3.7078038586617135
2021-04-01T00:00,1.6331135757898883E11,1.8037546313713844E10,2.926903268161046E7,-2068.023497576487,28254.7710857588,3.6645109756089997
2021-04-01T00:00,1.6313268034879822E11,2.0478758535523403E10,2.958564642990308E7,-2486.4306558105936,28211.259763853763,3.6206963078687453
2021-04-01T00:00,1.6291785274013617E11,2.291621137912037E10,2.989847459090294E7,-2903.672881139468,28161.61104313594,3.5763617291694327
2021-04-01T00:00,1.6266697540320572E11,2.5349374573247314E10,3.0207472244303178E7,-3319.6624031417045,28105.855369093053,3.531510029434723
2021-04-01T00:00,1.6238015657157428E11,2.7777720477136955E10,3.051259471084634E7,-3734.3121922980463,28044.024365357087,3.4861448184940778
2021-04-01T00:00,1.6205751199815973E11,3.0200724182303806E10,3.0813797623164225E7,-4147.535973195013,27976.15081712946,3.440270442311502
2021-04-01T00:00,1.6169916489007568E11,3.2617863612903793E10,3.111103698937994E7,-4559.248237414183,27902.268654507174,3.393891909816624
2021-04-01T00:00,1.613052458423631E11,3.502861962465321E10,3.1404269250388093E7,-4969.364256103415,27822.412935720124,3.3470148287472594
2021-04-01T00:00,1.6087589277063577E11,3.743247610229943E10,3.1693451331591856E7,-5377.800092227437,27736.61983028901,3.2996453491770454
2021-04-01T00:00,1.6041125084266733E11,3.98289200556364E10,3.1978540689760752E7,-5784.472612496149,27644.926602112784,3.2517901136179024
2021-04-01T00:00,1.5991147240894766E11,4.2217441714058945E10,3.225949535557734E7,-6189.29949896979,27547.37159249388,3.203456212764703
2021-04-01T00:00,1.5937671693223666E11,4.459753461965041E10,3.253627397236021E7,-6592.199260340767,27443.99420310926,3.1546511460960396
2021-04-01T00:00,1.5880715091614322E11,4.696869571879906E10,3.2808835831382908E7,-6993.091242892505,27334.83487893469,3.105382786666406
2021-04-01T00:00,1.582029478327573E11,4.933042545233901E10,3.3077140904150885E7,-7391.895641136157,27219.93509112947,3.055659349526122
2021-04-01T00:00,1.5756428804936313E11,5.16822278442126E10,3.334114987194994E7,-7788.533508126421,27099.3373198885,3.005489363289706
2021-04-01T00:00,1.5689135875426102E11,5.402361058865097E10,3.360082415293817E7,-8182.926765458052,26973.085037268174,2.954881644444119
2021-04-01T00:00,1.5618435388172543E11,5.635408513587094E10,3.385612592701814E7,-8574.998212944976,26841.222689992544,2.903845274047817
2021-04-01T00:00,1.5544347403612698E11,5.86731667762863E10,3.410701815869588E7,-8964.671537984175,26703.795682245713,2.8523895765217695
2021-04-01T00:00,1.5466892641524515E11,6.098037472323233E10,3.4353464618107356E7,-9351.871324606715,26560.85035845639,2.800524100276117
2021-04-01T00:00,1.5386092473279913E11,6.3275232194202965E10,3.4595429900371216E7,-9736.523062218535,26412.433986080257,2.7482585999522535
2021-04-01T00:00,1.5301968914022345E11,6.5557266490600296E10,3.483287944340709E7,-10118.553154033767,26258.594738385513,2.695603020090854
2021-04-01T00:00,1.5214544614771494E11,6.78260090759968E10,3.5065779544342935E7,-10497.888925203493,26099.381677246954,2.6425674800625893
2021-04-01T00:00,1.5123842854457736E11,7.008099565291093E10,3.529409737462034E7,-10874.458630643045,25934.844735953597,2.5891622601206987
2021-04-01T00:00,1.502988753188898E11,7.232176623809732E10,3.551780099389477E7,-11248.191462560995,25765.034702034744,2.5353977884537873
2021-04-01T00:00,1.4932703157652454E11,7.454786523635312E10,3.5736859362817176E7,-11619.017557693167,25590.003200109255,2.4812846291336865
2021-04-01T00:00,1.4832314845953986E11,7.675884151284256E10,3.5951242354774326E7,-11986.868004245032,25409.80267476257,2.426833470867346
2021-04-01T00:00,1.4728748306397308E11,7.895424846394205E10,3.616092076665726E7,-12351.674848545994,25224.486373455857,2.372055116473854
2021-04-01T00:00,1.4622029835705872E11,8.113364408660863E10,3.636586632872061E7,-12713.371101419092,25034.10832947161,2.3169604730181175
2021-04-01T00:00,1.4512186309389612E11,8.329659104627498E10,3.656605171358937E7,-13071.890744269756,24838.723344899718,2.2615605425416434
2021-04-01T00:00,1.4399245173359122E11,8.54426567432743E10,3.676145054446497E7,-13427.168734897275,24638.386973667995,2.20586641333856
2021-04-01T00:00,1.428323443548961E11,8.757141337779922E10,3.695203740257742E7,-13779.141013032717,24433.155504620998,2.149889251731548
2021-04-01T00:00,1.4164182657137006E11,8.968243801339848E10,3.713778783392703E7,-14127.744505607057,24223.085944650757,2.0936402943079653
2021-04-01T00:00,1.404211894460856E11,9.177531263901631E10,3.731867835535523E7,-14472.917131753342,24008.236001882993,2.037130840581225
2021-04-01T00:00,1.391707294059021E11,9.3849624229579E10,3.749468645998145E7,-14814.597807546703,23788.664068922182,1.9803722460465327
2021-04-01T00:00,1.3789074815533008E11,9.590496480513387E10,3.766579062203987E7,-15152.726450486094,23564.429206158773,1.9233759156035295
2021-04-01T00:00,1.3658155259000809E11,9.794093148854599E10,3.783197030114801E7,-15487.243983721648,23335.591125141655,1.8661532973212887
2021-04-01T00:00,1.3524345470981453E11,9.995712656175822E10,3.799320594603657E7,-15818.092340031528,23102.210172018935,1.8087158765235554
2021-04-01T00:00,1.338767715316358E11,1.0195315752062067E11,3.814947899776821E7,-16145.21446555221,22864.34731104987,1.7510751701741716
2021-04-01T00:00,1.3248182500181209E11,1.0392863712829538E11,3.8300771892471254E7,-16468.5543232661,22622.064108190752,1.6932427215443555
2021-04-01T00:00,1.3105894190828189E11,1.0588318346724306E11,3.8447068063612685E7,-16788.056896250415,22375.42271475739,1.6352300951449485
2021-04-01T00:00,1.2960845379244586E11,1.078164199897981E11,3.858835194383321E7,-17103.66819069122,22124.48585116672,1.5770488719079723
2021-04-01T00:00,1.2813069686077014E11,1.097279755673389E11,3.872460896636606E7,-17415.335238666587,21869.31679075996,1.5187106446028693
2021-04-01T00:00,1.2662601189614935E11,1.1161748453806056E11,3.8855825566059746E7,-17723.00610070272,21609.979343709652,1.4602270134736997
2021-04-01T00:00,1.2509474416904865E11,1.1348458675335707E11,3.898198918002387E7,-18026.629868106993,21346.537841012738,1.401609582084345
2021-04-01T00:00,1.235372433484442E11,1.1532892762282057E11,3.910308824791596E7,-18326.15666508172,21079.057118571814,1.3428699533594666
2021-04-01T00:00,1.2195386341258113E11,1.1715015815786517E11,3.921911221188622E7,-18621.53765062257,20807.602501366528,1.2840197258096033
2021-04-01T00:00,1.2034496255956734E11,1.1894793501398325E11,3.933005151619617E7,-18912.725020205446,20532.23978771699,1.225070489929398
2021-04-01T00:00,1.187109031178216E11,1.20721920531642E11,3.943589760652607E7,-19199.67200726561,20253.03523364102,1.1660338247585105
2021-04-01T00:00,1.1705205145639384E11,1.2247178277582858E11,3.953664292898521E7,-19482.332884472875,19970.055537306882,1.1069212945953533
2021-04-01T00:00,1.1536877789517538E11,1.2419719557425189E11,3.9632280928838246E7,-19760.66296480663,19683.367823583092,1.0477444458543517
2021-04-01T00:00,1.136614566150161E11,1.2589783855420947E11,3.972280604896006E7,-20034.618602434377,19393.039628686827,0.9885148040580137
2021-04-01T00:00,1.1193046556776576E11,1.2757339717812802E11,3.9808213728030674E7,-20304.157193397536,19099.138884932272,0.9292438709556862
2021-04-01T00:00,1.1017618638625621E11,1.2922356277778616E11,3.988850039848124E7,-20569.23717610812,18801.73390558027,0.8699431217614872
2021-04-01T00:00,1.0839900429424046E11,1.308480325872283E11,3.996366348420143E7,-20829.818031659954,18500.893369790443,0.8106240025045334
2021-04-01T00:00,1.0659930801630504E11,1.3244650977437819E11,4.003370139801782E7,-21085.860283957983,18196.686307676944,0.7512979274852196
2021-04-01T00:00,1.0477748968777107E11,1.3401870347136148E11,4.0098613538952544E7,-21337.32549966925,17889.18208546886,0.6919762768319729
2021-04-01T00:00,1.0293394476459966E11,1.3556432880354599E11,4.0158400289270826E7,-21584.176287999024,17578.450390776226,0.6326703941535614
2021-04-01T00:00,1.0106907193331654E11,1.3708310691730905E11,4.0213063011325695E7,-21826.37630029558,17264.56121796256,0.573391584282711
2021-04-01T00:00,9.918327302097101E10,1.3857476500654102E11,4.026260404420772E7,-22063.890229487,16947.584853624645,0.5141511111074462
2021-04-01T00:00,9.727695290514333E10,1.400390363378942E11,4.0307026700207405E7,-22296.683809353435,16627.591862180372,0.45496019548721833
2021-04-01T00:00,9.535051942401518E10,1.414756602747866E11,4.03463352610975E7,-22524.723813638135,16304.653071565202,0.39583001325150813
2021-04-01T00:00,9.340438328651685E10,1.4288438230016983E11,4.038053497424243E7,-22747.97805500052,15978.839559037895,0.3367716932791647
2021-04-01T00:00,9.14389579825648E10,1.442649540380707E11,4.040963204854175E7,-22966.415383814598,15650.22263709596,0.27779631565726043
2021-04-01T00:00,8.945465969340323E10,1.456171332739158E11,4.043363365021454E7,-23180.005686815854,15318.8738395013,0.21891490991866264
2021-04-01T00:00,8.745190720206233E10,1.469406839736487E11,4.045254789843151E7,-23388.719885599825,14984.864907416415,0.16013845335782292
2021-04-01T00:00,8.54311218039465E10,1.4823537630164948E11,4.046638386080162E7,-23592.52993497543,14648.267775651484,0.1014778694244215
2021-04-01T00:00,8.339272721756462E10,1.4950098663746576E11,4.047515154871989E7,-23791.40882117612,14309.15455902259,0.042944026194416535
2021-04-01T00:00,8.133714949541501E10,1.5073729759136533E11,4.047886191258309E7,-23985.33055993185,13967.597538821292,-0.015452265082316521
2021-04-01T00:00,7.92648169350369E10,1.5194409801871948E11,4.0477526836879976E7,-24174.270194404835,13623.669149395691,-0.07370025135930035
2021-04-01T00:00,7.717615999024031E10,1.5312118303322726E11,4.047115913516253E7,-24358.20379299198,13277.441964843125,-0.1317892390984473
2021-04-01T00:00,7.50716111825258E10,1.5426835401898972E11,4.0459772544904426E7,-24537.10844699682,12928.98868581452,-0.18970859550717878
2021-04-01T00:00,7.295160501270528E10,1.553854186414441E11,4.044338172225261E7,-24710.962268173793,12578.382126430452,-0.24744774971451
2021-04-01T00:00,7.081657787273506E10,1.564721908571677E11,4.0422002236677274E7,-24879.744386147526,12225.695201308874,-0.3049961938960879
2021-04-01T00:00,6.866696795777191E10,1.575284909225608E11,4.039565056552465E7,-25043.43494570983,11871.000912704472,-0.362343484362168
2021-04-01T00:00,6.6503215178462585E10,1.5855414540141846E11,4.0364344088475764E7,-25202.015103996982,11514.372337759538,-0.41947924262741537
2021-04-01T00:00,6.432576107347725E10,1.5954898717140088E11,4.0328101081912756E7,-25355.467027549854,11155.88261586623,-0.4763931564871971
2021-04-01T00:00,6.213504872229694E10,1.605128554294117E11,4.028694071319226E7,-25503.77388925927,10795.604936140042,-0.5330749811315788
2021-04-01T00:00,5.9931522658264946E10,1.6144559569589423E11,4.0240883034822494E7,-25646.91986519905,10433.612525004257,-0.5895145403352706
2021-04-01T00:00,5.771562878191175E10,1.623470598180546E11,4.018994897853753E7,-25784.89013134891,10069.978633885097,-0.6457017277688238
2021-04-01T00:00,5.54878142745632E10,1.6321710597202228E11,4.01341603492583E7,-25917.670860209564,9704.776527017239,-0.7016265084827328
2021-04-01T00:00,5.32485275122411E10,1.6405559866395657E11,4.0073539818925396E7,-26045.249217311983,9338.079469359242,-0.7572789206207641
2021-04-01T00:00,5.099821797986534E10,1.6486240873010922E11,4.000811092018376E7,-26167.613357622977,8969.96071461841,-0.8126490774205519
2021-04-01T00:00,4.8737336185766716E10,1.6563741333585226E11,3.9937898039894626E7,-26284.752421848974,8600.493493384438,-0.8677271695567971
2021-04-01T00:00,4.646633357651897E10,1.663804959736807E11,3.986292641244492E7,-26396.656532639936,8229.751001371098,-0.9225034678737518
2021-04-01T00:00,4.418566245209888E10,1.6709154646019916E11,3.9783222112820625E7,-26503.316790695284,7857.806387765128,-0.9769683265376978
2021-04-01T00:00,4.1895775881382805E10,1.6777046093210205E11,3.9698812049407765E7,-26604.725270773684,7484.73274368129,-1.0311121866159632
2021-04-01T00:00,3.959712761798796E10,1.6841714184115613E11,3.960972395648415E7,-26700.875017608567,7110.6030907225095,-1.0849255800566997
2021-04-01T00:00,3.729017201646658E10,1.6903149794819455E11,3.951598638636725E7,-26791.76004173136,6735.4903696438905,-1.1383991340044761
2021-04-01T00:00,3.497536394886099E10,1.6961344431613177E11,3.941762870118926E7,-26877.37531520442,6359.467429119361,-1.191523575343611
2021-04-01T00:00,3.265315872162733E10,1.701629023020077E11,3.931468106427957E7,-26957.716767265832,5982.607014609716,-1.2442897353185793
2021-04-01T00:00,3.0324011992935562E10,1.7067979954806998E11,3.9207174431148045E7,-27032.78127988831,5604.981757330899,-1.296688554044542
2021-04-01T00:00,2.798837969035321E10,1.7116406997190338E11,3.9095140540078595E7,-27102.566683254492,5226.664163321529,-1.3487110846974206
2021-04-01T00:00,2.564671792892002E10,1.7161565375561435E11,3.897861190236074E7,-27167.071751151063,4847.726602608874,-1.400348497167673
2021-04-01T00:00,2.3299482929620567E10,1.7203449733407974E11,3.885762179220545E7,-27226.29619628404,4468.241298472753,-1.4515920809789313
2021-04-01T00:00,2.0947130938261627E10,1.724205533822678E11,3.8732204236408874E7,-27280.240665517496,4088.2803168070955,-1.5024332473127118
2021-04-01T00:00,1.8590118144760914E10,1.7277378080163992E11,3.860239400384106E7,-27328.90673503781,3707.9155555791535,-1.552863530040633
2021-04-01T00:00,1.6228900602853647E10,1.7309414470564197E11,3.846822659484555E7,-27372.296905445375,3327.218734386563,-1.6028745857394653
2021-04-01T00:00,1.3863934150223167E10,1.7338161640429297E11,3.832973823063766E7,-27410.414596775274,2946.261384112533,-1.6524581927427178
2021-04-01T00:00,1.1495674329061783E10,1.7363617338788028E11,3.818696584278469E7,-27443.26414344828,2565.114836679477,-1.7016062493552477
2021-04-01T00:00,9.124576307067852E9,1.7385779930976938E11,3.8039947062840395E7,-27470.850789153115,2183.8502149012925,-1.7503107714153052
2021-04-01T00:00,6.751094798885023E9,1.7404648396833685E11,3.7888720212190114E7,-27493.180681660815,1802.5384224343313,-1.798563889424997
2021-04-01T00:00,4.375683987989529E9,1.742022232880352E11,3.773332429214379E7,-27510.260867571706,1421.2501338268628,-1.8463578454824774
2021-04-01T00:00,1.9987974490313334E9,1.7432501929959784E11,3.75737989742941E7,-27522.099286995544,1040.055784666582,-1.8936849902382837
2021-04-01T00:00,-3.791119293650818E8,1.7441488011939304E11,3.741018459113751E7,-27528.704768165262,659.0255618254719,-1.940537780068335
2021-04-01T00:00,-2.7575920213345604E9,1.7447181992793475E11,3.724252212693961E7,-27530.087021984804,278.22939380111245,-1.9869087746134806
2021-04-01T00:00,-5.136191540034048E9,1.7449585894755917E11,3.7070853208813004E7,-27526.256636511633,-102.26305884662384,-2.032790634786942
2021-04-01T00:00,-7.514460113428654E9,1.744870234192748E11,3.6895220097967416E7,-27517.225071374534,-482.38241296465196,-2.0781761213028513
2021-04-01T00:00,-9.891948359595413E9,1.7444534557879468E11,3.671566568108685E7,-27503.00465212752,-862.0595721827337,-2.1230580937361845
2021-04-01T00:00,-1.226820796153923E10,1.743708636317581E11,3.653223346178804E7,-27483.60856454059,-1241.2257361977092,-2.1674295100897725
2021-04-01T00:00,-1.4642791741515537E10,1.742636217281506E11,3.634496755211629E7,-27459.050848828312,-1619.8124099670547,-2.2112834268190698
2021-04-01T00:00,-1.7015253734854303E10,1.7412366993592944E11,3.615391266403912E7,-27429.34639381711,-1997.7514128128428,-2.2546129992498094
2021-04-01T00:00,-1.93851492632801E10,1.7395106421386243E11,3.5959114100903936E7,-27394.51093105225,-2374.974887437101,-2.297411482316462
2021-04-01T00:00,-2.1752035007723015E10,1.7374586638358786E11,3.576061774883179E7,-27354.56102884539,-2751.4153088494836,-2.3396722315488625
2021-04-01T00:00,-2.4115469080615257E10,1.7350814410090326E11,3.555847006802597E7,-27309.514086263713,-3127.0054932080684,-2.381388704238618
2021-04-01T00:00,-2.647501109766844E10,1.7323797082629007E11,3.5352718083979756E7,-27259.388327061413,-3501.67860657404,-2.422554460724272
2021-04-01T00:00,-2.883022224912655E10,1.7293542579468207E11,3.514340937857318E7,-27204.202793554425,-3875.368173580925,-2.4631631657431394
2021-04-01T00:00,-3.118066537048965E10,1.7260059398448468E11,3.4930592081052974E7,-27143.97734043915,-4248.008086019014,-2.503208589807185
2021-04-01T00:00,-3.3525905012703594E10,1.7223356608585263E11,3.471431485889363E7,-27078.73262855589,-4619.532611335534,-2.5426846105694283
2021-04-01T00:00,-3.586550751181082E10,1.7183443846823325E11,3.4494626908540435E7,-27008.49011859767,-4989.87640105112,-2.581585214155659
2021-04-01T00:00,-3.819904105805766E10,1.7140331314718243E11,3.427157794603739E7,-26933.272064765053,-5358.9744990930785,-2.6199044964434437
2021-04-01T00:00,-4.052607576445336E10,1.709402977504608E11,3.404521819754468E7,-26853.101508367497,-5726.762350045926,-2.6576366642764047
2021-04-01T00:00,-4.284618373477631E10,1.704455054834168E11,3.3815598389751196E7,-26768.002271371795,-6093.175807319665,-2.694776036606588
2021-04-01T00:00,-4.5158939131022835E10,1.699190550936644E11,3.358276974018839E7,-26677.998949898047,-6458.151141236229,-2.73131704556151
2021-04-01T00:00,-4.746391824029403E10,1.6936107083506158E11,3.3346783947451875E7,-26583.11690766364,-6821.62504703451,-2.767254237435285
2021-04-01T00:00,-4.9760699541116165E10,1.687716824309978E11,3.3107693181337465E7,-26483.38226937558,-7183.534652794388,-2.802582273605293
2021-04-01T00:00,-5.2048863769190216E10,1.6815102503699637E11,3.2865550072897967E7,-26378.821914071606,-7543.817527280131,-2.837295931377235
2021-04-01T00:00,-5.4327993982566E10,1.6749923920263937E11,3.2620407704426974E7,-26269.46346841039,-7902.411687703549,-2.8713901047623285
2021-04-01T00:00,-5.659767562623666E10,1.6681647083282178E11,3.237231959937551E7,-26155.335299911127,-8259.255607407249,-2.9048598051909003
2021-04-01T00:00,-5.885749659614898E10,1.661028711483418E11,3.2121339712207016E7,-26036.46651014284,-8614.288223468324,-2.9377001621668484
2021-04-01T00:00,-6.110704730262532E10,1.6535859664583414E11,3.18675224181958E7,-25912.886927863645,-8967.448944222799,-2.9699064238674566
2021-04-01T00:00,-6.334592073319274E10,1.6458380905705328E11,3.161092250317365E7,-25784.627102110215,-9318.677656711126,-3.00147395769291
2021-04-01T00:00,-6.557371251481506E10,1.6377867530751343E11,3.1351595153228983E7,-25651.718295237664,-9667.914734045007,-3.0323982507696257
2021-04-01T00:00,-6.77900209755236E10,1.6294336747449194E11,3.1089595944362488E7,-25514.192475910088,-10015.1010426958,-3.062674910411221
2021-04-01T00:00,-6.999444720544223E10,1.62078062744403E11,3.0824980832102958E7,-25372.082312041908,-10360.177949704741,-3.0922996645406355
2021-04-01T00:00,-7.218659511720265E10,1.6118294336954852E11,3.0557806141086645E7,-25225.421163690222,-10703.087329815202,-3.1212683620765724
2021-04-01T00:00,-7.436607150574548E10,1.602581966242525E11,3.028812855460323E7,-25074.24307589831,-11043.771572527157,-3.1495769732871213
2021-04-01T00:00,-7.65324861075031E10,1.5930401476038617E11,3.0016005104111224E7,-24918.582771490434,-11382.173589074044,-3.177221590113101
2021-04-01T00:00,-7.868545165895987E10,1.5832059496229016E11,2.974149315872545E7,-24758.47564381807,-11718.236819322132,-3.2041984264633747
2021-04-01T00:00,-8.082458395458575E10,1.5730813930110074E11,2.9464650414679017E7,-24593.9577494577,-12051.905238592542,-3.230503818484113
2021-04-01T00:00,-8.29495019041389E10,1.5626685468848633E11,2.918553488476199E7,-24425.06580086024,-12383.123364405996,-3.256134224803746
2021-04-01T00:00,-8.505982758933322E10,1.5519695282980164E11,2.8904204887738947E7,-24251.83715895227,-12711.836263150346,-3.2810862267551135
2021-04-01T00:00,-8.71551863198667E10,1.5409865017666544E11,2.8620719037747305E7,-24074.30982568906,-13037.989556670962,-3.305356528576128
2021-04-01T00:00,-8.923520668880623E10,1.5297216787896906E11,2.8335136233678326E7,-23892.522436559582,-13361.529428783946,-3.3289419575900916
2021-04-01T00:00,-9.129952062732498E10,1.518177317363221E11,2.8047515648542542E7,-23706.5142530435,-13682.402631712193,-3.3518394643666465
2021-04-01T00:00,-9.334776345878793E10,1.5063557214894217E11,2.7757916718821265E7,-23516.32515502025,-14000.556492444246,-3.3740461228642036
2021-04-01T00:00,-9.537957395218169E10,1.49425924067995E11,2.7466399133805797E7,-23321.995633130275,-14315.938919015882,-3.395559130554575
2021-04-01T00:00,-9.739459437488414E10,1.4818902694539203E11,2.717302282492588E7,-23123.566781088455,-14628.498406714341,-3.4163758085304283
2021-04-01T00:00,-9.939247054477019E10,1.469251246830519E11,2.6877847955068853E7,-22921.080287949822,-14938.184044205074,-3.4364936015960867
2021-04-01T00:00,-1.0137285188164905E11,1.456344655816326E11,2.658093490789095E7,-22714.578430327587,-15244.945519580868,-3.4559100783421273
2021-04-01T00:00,-1.0333539145802936E11,1.443173022887408E11,2.628234427712219E7,-22504.10406456355,-15548.73312633318,-3.474622931204147
2021-04-01T00:00,-1.0527974604920764E11,1.4297389174662564E11,2.598213685586615E7,-22289.70061885096,-15849.497769245481,-3.492629976506017
2021-04-01T00:00,-1.0720557618267636E11,1.4160449513936282E11,2.568037362589603E7,-22071.412085309847,-16147.190970208383,-3.5099291544878897
2021-04-01T00:00,-1.0911254618684714E11,1.402093778395368E11,2.5377115746948276E7,-21849.283012014934,-16441.764873956297,-3.5265185293191723
2021-04-01T00:00,-1.1100032423908522E11,1.3878880935442697E11,2.50724245460151E7,-21623.358494976146,-16733.17225372536,-3.5423962890966494
2021-04-01T00:00,-1.1286858241305116E11,1.373430632717051E11,2.476636150663715E7,-21393.684170071807,-17021.366516832306,-3.557560745827899
2021-04-01T00:00,-1.1471699672534537E11,1.3587241720465079E11,2.4458988258197617E7,-21160.30620493458,-17306.301710173993,-3.572010335400117
2021-04-01T00:00,-1.1654524718145172E11,1.3437715273689175E11,2.415036656521905E7,-20923.27129079024,-17587.93252564717,-3.585743617534438
2021-04-01T00:00,-1.18353017820976E11,1.3285755536667584E11,2.3840558316664074E7,-20682.62663424935,-17866.214305488178,-3.598759275725824
2021-04-01T00:00,-1.2013999676217514E11,1.3131391445068167E11,2.3529625515241362E7,-20438.419949051957,-18141.103047532117,-3.611056117168567
2021-04-01T00:00,-1.2190587624577322E11,1.297465231473749E11,2.3217630266717996E7,-20190.69944776533,-18412.5554103911,-3.622633072667436
2021-04-01T00:00,-1.2365035267806015E11,1.281556783599171E11,2.290463476923953E7,-19939.51383343497,-18680.52871855113,-3.6334891965344944
2021-04-01T00:00,-1.2537312667326894E11,1.2654168067863428E11,2.259070130265895E7,-19684.912291188873,-18944.98096738708,-3.6436236664715826
2021-04-01T00:00,-1.2707390309522766E11,1.2490483432305203E11,2.2275892217875805E7,-19426.944479795307,-19205.87082809536,-3.6530357834384697
2021-04-01T00:00,-1.2875239109828198E11,1.232454470835046E11,2.196026992618672E7,-19165.660523174112,-19463.157652543672,-3.6617249715066555
2021-04-01T00:00,-1.3040830416748422E11,1.2156383026232481E11,2.1643896888648547E7,-18901.111001861787,-19716.801478037334,-3.669690777698804
2021-04-01T00:00,-1.3204136015804507E11,1.1986029861462239E11,2.132683560545537E7,-18633.34694443046,-19966.763032001625,-3.676932871813777
2021-04-01T00:00,-1.3365128133404387E11,1.1813517028865746E11,2.1009148605330657E7,-18362.419818860963,-20213.00373657953,-3.683451046237237
2021-04-01T00:00,-1.3523779440639346E11,1.1638876676581699E11,2.069089843493576E7,-18088.38152387016,-20455.48571314429,-3.6892452157377766
2021-04-01T00:00,-1.3680063057005585E11,1.1462141280020132E11,2.0372147648296017E7,-17811.28438019281,-20694.17178672613,-3.694315417248533
2021-04-01T00:00,-1.3833952554050452E11,1.1283343635782819E11,2.0052958796245743E7,-17531.18112181812,-20929.025490352466,-3.698661809634242
2021-04-01T00:00,-1.398542195894296E11,1.1102516855546173E11,1.9733394415893342E7,-17248.12488718129,-21160.011069301017,-3.702284673443677
2021-04-01T00:00,-1.4134445757968207E11,1.0919694359907413E11,1.941351702010781E7,-16962.16921031026,-21387.093485265017,-3.7051844106474285
2021-04-01T00:00,-1.4280998899945288E11,1.0734909872194724E11,1.909338908702787E7,-16673.36801192802,-21610.23842042987,-3.7073615443609618
2021-04-01T00:00,-1.4425056799568347E11,1.0548197412242209E11,1.8773073049595084E7,-16381.7755905107,-21829.412281460536,-3.7088167185529013
2021-04-01T00:00,-1.4566595340670358E11,1.035959129013039E11,1.8452631285112113E7,-16087.446613301823,-22044.582203398884,-3.7095506977384876
2021-04-01T00:00,-1.4705590879409286E11,1.0169126099893024E11,1.813212610482751E7,-15790.436107283047,-22255.716053470205,-3.7095643666581433
2021-04-01T00:00,-1.4842020247376212E11,9.976836713191042E10,1.7811619743548244E7,-15490.799450101755,-22462.78243479818,-3.7088587299410944
2021-04-01T00:00,-1.4975860754625092E11,9.782758272954385E10,1.7491174349281333E7,-15188.592360955901,-22665.75069002746,-3.7074349117539875
