Name=jupiter  
Mass=1.89813E27
Radius=1898130.0
Image_Path=/src/main/java/misc/jupiterScaled.png
Icon_Path=/src/main/java/misc/jupiterScaled.png
Start_Time=0-zero-0_0:0:0
End_Time=0-zero-0_0:0:0
No_of_Steps=367
$SOE
0-zero-0_0:0:0,1.781303138592153E11,-7.551118436250277E11,-8.532838524802327E8,12558.5255518522,3622.680192790968,-295.8620380112444
0-zero-0_0:0:0,1.7921537046689532E11,-7.547988440563706E11,-8.788463325644042E8,12554.158854387151,3641.1572346712355,-295.84102932468863
0-zero-0_0:0:0,1.8030004979191437E11,-7.54484248071295E11,-9.044069974980574E8,12549.764688066474,3659.6304782799557,-295.819390582823
0-zero-0_0:0:0,1.8138434946096332E11,-7.541680559979717E11,-9.299657928444133E8,12545.343050736989,3678.0998824063745,-295.79712156685656
0-zero-0_0:0:0,1.82468267100547E11,-7.538502681681317E11,-9.555226641477897E8,12540.893940306718,3696.565405813835,-295.7742220592571
0-zero-0_0:0:0,1.835518003369895E11,-7.535308849170695E11,-9.810775569337095E8,12536.417354745,3715.027007239869,-295.75069184375565
0-zero-0_0:0:0,1.8463494679643948E11,-7.532099065836439E11,-1.00663041670901E9,12531.913292082594,3733.48464539629,-295.72653070535034
0-zero-0_0:0:0,1.8571770410487543E11,-7.528873335102817E11,-1.0321811889619523E9,12527.381750411798,3751.9382789692863,-295.70173843031046
0-zero-0_0:0:0,1.86800069888111E11,-7.525631660429788E11,-1.0577298191623311E9,12522.822727886552,3770.3878666195146,-295.67631480618
0-zero-0_0:0:0,1.8788204177180038E11,-7.522374045313029E11,-1.083276252761585E9,12518.236222722559,3788.8333669821964,-295.6502596217815
0-zero-0_0:0:0,1.889636173814436E11,-7.519100493283956E11,-1.1088204351929069E9,12513.622233197386,3807.2747386672127,-295.6235726672196
0-zero-0_0:0:0,1.9004479434239185E11,-7.515811007909747E11,-1.1343623118713546E9,12508.980757650592,3825.7119402591993,-295.59625373388525
0-zero-0_0:0:0,1.9112557027985284E11,-7.512505592793363E11,-1.1599018281939623E9,12504.311794483834,3844.144930317644,-295.5683026144597
0-zero-0_0:0:0,1.9220594281889624E11,-7.509184251573568E11,-1.1854389295398517E9,12499.61534216099,3862.57366737698,-295.5397191029185
0-zero-0_0:0:0,1.9328590958445895E11,-7.505846987924955E11,-1.2109735612703438E9,12494.891399208274,3880.998109946682,-295.5105029945357
0-zero-0_0:0:0,1.9436546820135056E11,-7.502493805557961E11,-1.2365056687290716E9,12490.139964214353,3899.418216511358,-295.48065408588775
0-zero-0_0:0:0,1.9544461629425867E11,-7.499124708218895E11,-1.2620351972420924E9,12485.361035830476,3917.8339455308455,-295.45017217485764
0-zero-0_0:0:0,1.9652335148775443E11,-7.495739699689956E11,-1.287562092118E9,12480.554612770587,3936.2452554403003,-295.419057060639
0-zero-0_0:0:0,1.976016714062978E11,-7.492338783789255E11,-1.3130862986480393E9,12475.720693811458,3954.652104650288,-295.38730854373983
0-zero-0_0:0:0,1.986795736742431E11,-7.488921964370837E11,-1.3386077621062186E9,12470.8592777928,3973.0544515468737,-295.3549264259865
0-zero-0_0:0:0,1.997570559158444E11,-7.485489245324701E11,-1.3641264277494237E9,12465.970363617404,3991.4522544917077,-295.32191051052723
0-zero-0_0:0:0,2.0083411575526093E11,-7.48204063057682E11,-1.3896422408175333E9,12461.05395025125,4009.845471822112,-295.2882606018358
0-zero-0_0:0:0,2.0191075081656262E11,-7.478576124089166E11,-1.415155146533532E9,12456.110036723647,4028.234061851162,-295.253976505715
0-zero-0_0:0:0,2.0298695872373553E11,-7.475095729859727E11,-1.4406650901036258E9,12451.138622127357,4046.617982867769,-295.2190580292996
0-zero-0_0:0:0,2.0406273710068735E11,-7.471599451922529E11,-1.4661720167173572E9,12446.13970561872,4064.997193136758,-295.1835049810597
0-zero-0_0:0:0,2.051380835712528E11,-7.468087294347659E11,-1.4916758715477207E9,12441.11328641778,4083.371650898944,-295.14731717080326
0-zero-0_0:0:0,2.062129957591993E11,-7.464559261241282E11,-1.5171765997512782E9,12436.059363808417,4101.7413143712065,-295.1104944096791
0-zero-0_0:0:0,2.0728747128823236E11,-7.461015356745665E11,-1.5426741464682744E9,12430.977937138474,4120.106141746562,-295.07303651017907
0-zero-0_0:0:0,2.0836150778200113E11,-7.457455585039197E11,-1.568168456822754E9,12425.869005819879,4138.46609119423,-295.0349432861402
0-zero-0_0:0:0,2.0943510286410397E11,-7.453879950336405E11,-1.5936594759226763E9,12420.732569328773,4156.821120859707,-294.99621455274706
0-zero-0_0:0:0,2.10508254158094E11,-7.450288456887982E11,-1.6191471488600338E9,12415.568627205635,4175.171188864826,-294.95685012653337
0-zero-0_0:0:0,2.1158095928748456E11,-7.446681108980803E11,-1.6446314207109663E9,12410.37717905541,4193.5162533078255,-294.9168498253837
0-zero-0_0:0:0,2.1265321587575494E11,-7.443057910937946E11,-1.6701122365358796E9,12405.158224547615,4211.8562722634115,-294.87621346853507
0-zero-0_0:0:0,2.1372502154635587E11,-7.43941886711871E11,-1.695589541379561E9,12399.911763416481,4230.191203782821,-294.83494087657846
0-zero-0_0:0:0,2.1479637392271506E11,-7.435763981918641E11,-1.7210632802712972E9,12394.637795461054,4248.521005893884,-294.79303187146013
0-zero-0_0:0:0,2.158672706282429E11,-7.43209325976955E11,-1.7465333982249913E9,12389.336320545319,4266.84563660109,-294.75048627648295
0-zero-0_0:0:0,2.16937709286338E11,-7.428406705139526E11,-1.7719998402392795E9,12384.00733859831,4285.165053885648,-294.7073039163079
0-zero-0_0:0:0,2.180076875203929E11,-7.424704322532969E11,-1.7974625512976484E9,12378.650849614232,4303.479215705557,-294.66348461695543
0-zero-0_0:0:0,2.190772029537996E11,-7.420986116490599E11,-1.8229214763685534E9,12373.266853652563,4321.788079995668,-294.6190282058069
0-zero-0_0:0:0,2.2014625320995517E11,-7.417252091589484E11,-1.8483765604055352E9,12367.855350838168,4340.0916046677585,-294.57393451160635
0-zero-0_0:0:0,2.2121483591226758E11,-7.41350225244305E11,-1.873827748347338E9,12362.416341361411,4358.389747610598,-294.52820336446223
0-zero-0_0:0:0,2.222829486841612E11,-7.409736603701115E11,-1.8992749851180274E9,12356.949825478257,4376.682466690025,-294.48183459584925
0-zero-0_0:0:0,2.2335058914908252E11,-7.405955150049894E11,-1.9247182156271088E9,12351.455803510387,4394.969719749021,-294.43482803861053
0-zero-0_0:0:0,2.2441775493050583E11,-7.402157896212031E11,-1.9501573847696447E9,12345.9342758453,4413.251464607788,-294.38718352695986
0-zero-0_0:0:0,2.2548444365193887E11,-7.39834484694661E11,-1.975592437426374E9,12340.385242936425,4431.527659063824,-294.3389008964839
0-zero-0_0:0:0,2.265506529369286E11,-7.394516007049178E11,-2.0010233184638302E9,12334.808705303223,4449.798260892006,-294.2899799841448
0-zero-0_0:0:0,2.2761638040906677E11,-7.390671381351768E11,-2.0264499727344604E9,12329.204663531298,4468.0632278446665,-294.2404206282827
0-zero-0_0:0:0,2.2868162369199588E11,-7.38681097472291E11,-2.051872345076744E9,12323.573118272507,4486.32251765168,-294.19022266861845
0-zero-0_0:0:0,2.297463804094146E11,-7.382934792067659E11,-2.0772903803153126E9,12317.91407024506,4504.576088020539,-294.1393859462561
0-zero-0_0:0:0,2.3081064818508377E11,-7.379042838327609E11,-2.102704023261069E9,12312.227520233637,4522.823896636441,-294.0879103036858
0-zero-0_0:0:0,2.3187442464283197E11,-7.375135118480914E11,-2.1281132187113075E9,12306.513469089488,4541.065901162364,-294.0357955847865
0-zero-0_0:0:0,2.329377074065613E11,-7.37121163754231E11,-2.153517911449833E9,12300.771917730546,4559.302059239154,-293.9830416348285
0-zero-0_0:0:0,2.3400049410025323E11,-7.367272400563127E11,-2.178918046247082E9,12295.002867141533,4577.532328485602,-293.92964830047623
0-zero-0_0:0:0,2.3506278234797427E11,-7.363317412631316E11,-2.2043135678602433E9,12289.206318374065,4595.756666498527,-293.87561542979086
0-zero-0_0:0:0,2.361245697738818E11,-7.359346678871461E11,-2.229704421033377E9,12283.382272546758,4613.975030852854,-293.8209428722327
0-zero-0_0:0:0,2.3718585400222986E11,-7.355360204444805E11,-2.255090550497538E9,12277.530730845338,4632.187379101697,-293.765630478664
0-zero-0_0:0:0,2.382466326573749E11,-7.35135799454926E11,-2.280471900970895E9,12271.651694522741,4650.393668776439,-293.709678101351
0-zero-0_0:0:0,2.3930690336378168E11,-7.347340054419437E11,-2.3058484171588516E9,12265.745164899223,4668.593857386809,-293.65308559396675
0-zero-0_0:0:0,2.4036666374602896E11,-7.343306389326655E11,-2.3312200437541704E9,12259.81114336245,4686.787902420964,-293.59585281159303
0-zero-0_0:0:0,2.414259114288155E11,-7.339257004578964E11,-2.356586725437092E9,12253.849631367617,4704.97576134557,-293.53797961072286
0-zero-0_0:0:0,2.4248464403696567E11,-7.335191905521161E11,-2.3819484068754582E9,12247.860630437532,4723.157391605882,-293.47946584926257
0-zero-0_0:0:0,2.4354285919543546E11,-7.331111097534813E11,-2.4073050327248344E9,12241.844142162725,4741.332750625825,-293.4203113865341
0-zero-0_0:0:0,2.4460055452931833E11,-7.327014586038273E11,-2.432656547628631E9,12235.800168201538,4759.5017958080725,-293.36051608327693
0-zero-0_0:0:0,2.4565772766385095E11,-7.322902376486694E11,-2.4580028962182264E9,12229.72871028023,4777.664484534135,-293.30007980165044
0-zero-0_0:0:0,2.4671437622441916E11,-7.318774474372057E11,-2.483344023113089E9,12223.62977019306,4795.82077416444,-293.2390024052357
0-zero-0_0:0:0,2.4777049783656384E11,-7.314630885223179E11,-2.5086798729209013E9,12217.503349802391,4813.970622038417,-293.1772837590377
0-zero-0_0:0:0,2.4882609012598676E11,-7.310471614605737E11,-2.5340103902376823E9,12211.349451038772,4832.113985474583,-293.1149237294874
0-zero-0_0:0:0,2.4988115071855652E11,-7.306296668122288E11,-2.55933551964791E9,12205.168075901032,4850.250821770633,-293.0519221844435
0-zero-0_0:0:0,2.5093567724031436E11,-7.302106051412278E11,-2.584655205724646E9,12198.95922645637,4868.381088203522,-292.98827899319497
0-zero-0_0:0:0,2.519896673174802E11,-7.29789977015207E11,-2.6099693930296583E9,12192.722904840439,4886.504742029565,-292.9239940264626
0-zero-0_0:0:0,2.530431185764584E11,-7.293677830054957E11,-2.6352780261135445E9,12186.45911325743,4904.621740484522,-292.8590671564013
0-zero-0_0:0:0,2.5409602864384384E11,-7.289440236871179E11,-2.6605810495158577E9,12180.167853980158,4922.732040783696,-292.79349825660216
0-zero-0_0:0:0,2.5514839514642773E11,-7.285186996387942E11,-2.6858784077652283E9,12173.849129350147,4940.835600122029,-292.72728720209466
0-zero-0_0:0:0,2.5620021571120358E11,-7.280918114429436E11,-2.7111700453794894E9,12167.502941777704,4958.9323756742,-292.66043386934865
0-zero-0_0:0:0,2.5725148796537317E11,-7.276633596856853E11,-2.7364559068658013E9,12161.129293742011,4977.022324594726,-292.59293813627664
0-zero-0_0:0:0,2.5830220953635248E11,-7.272333449568403E11,-2.7617359367207756E9,12154.728187791192,4995.105404018068,-292.52479988223615
0-zero-0_0:0:0,2.5935237805177765E11,-7.268017678499332E11,-2.7870100794306006E9,12148.299626542397,5013.181571058732,-292.4560189880318
0-zero-0_0:0:0,2.6040199113951093E11,-7.263686289621937E11,-2.8122782794711666E9,12141.84361268188,5031.2507828113785,-292.3865953359179
0-zero-0_0:0:0,2.6145104642764664E11,-7.259339288945588E11,-2.83754048130819E9,12135.360148965074,5049.312996350937,-292.3165288096006
0-zero-0_0:0:0,2.624995415445172E11,-7.254976682516741E11,-2.8627966293973393E9,12128.849238216668,5067.368168732714,-292.24581929424056
0-zero-0_0:0:0,2.6354747411869913E11,-7.250598476418955E11,-2.888046668184362E9,12122.310883330681,5085.416256992512,-292.1744666764556
0-zero-0_0:0:0,2.645948417790189E11,-7.246204676772914E11,-2.913290542105208E9,12115.745087270538,5103.457218146743,-292.1024708443231
0-zero-0_0:0:0,2.6564164215455905E11,-7.241795289736436E11,-2.9385281955861573E9,12109.151853069143,5121.491009192555,-292.0298316873827
0-zero-0_0:0:0,2.666878728746642E11,-7.237370321504493E11,-2.963759573043947E9,12102.531183828956,5139.517587107951,-291.9565490966392
0-zero-0_0:0:0,2.6773353156894705E11,-7.232929778309232E11,-2.9889846188858967E9,12095.883082722068,5157.5369088519155,-291.8826229645654
0-zero-0_0:0:0,2.6877861586729425E11,-7.228473666419984E11,-3.014203277510035E9,12089.207552990272,5175.548931364543,-291.808053185105
0-zero-0_0:0:0,2.6982312339987262E11,-7.224001992143285E11,-3.039415493305228E9,12082.504597945142,5193.553611567167,-291.7328396536753
0-zero-0_0:0:0,2.7086705179713507E11,-7.219514761822891E11,-3.0646212106513057E9,12075.774220968107,5211.550906362491,-291.6569822671707
0-zero-0_0:0:0,2.7191039868982672E11,-7.215011981839794E11,-3.0898203739191895E9,12069.016425510525,5229.5407726347285,-291.58048092396547
0-zero-0_0:0:0,2.7295316170899084E11,-7.210493658612238E11,-3.11501292747102E9,12062.231215093761,5247.523167249733,-291.5033355239172
0-zero-0_0:0:0,2.7399533848597495E11,-7.205959798595734E11,-3.140198815660287E9,12055.418593309265,5265.49804705514,-291.4255459683699
0-zero-0_0:0:0,2.750369266524369E11,-7.201410408283077E11,-3.165377982831954E9,12048.578563818648,5283.4653688805065,-291.3471121601572
0-zero-0_0:0:0,2.760779238403508E11,-7.196845494204365E11,-3.190550373322592E9,12041.711130353762,5301.425089537453,-291.26803400360615
0-zero-0_0:0:0,2.7711832768201337E11,-7.192265062927004E11,-3.2157159314605036E9,12034.816296716781,5319.377165819805,-291.18831140453995
0-zero-0_0:0:0,2.781581358100497E11,-7.187669121055736E11,-3.240874601565856E9,12027.894066780278,5337.321554503742,-291.1079442702821
0-zero-0_0:0:0,2.791973458574195E11,-7.183057675232645E11,-3.2660263279508085E9,12020.94444448731,5355.258212347941,-291.02693250965933
0-zero-0_0:0:0,2.802359554574232E11,-7.178430732137177E11,-3.291171054919643E9,12013.967433851501,5373.187096093721,-290.94527603300565
0-zero-0_0:0:0,2.81273962243708E11,-7.173788298486151E11,-3.3163087267688947E9,12006.963038957128,5391.108162465198,-290.86297475216554
0-zero-0_0:0:0,2.823113638502739E11,-7.169130381033782E11,-3.341439287787482E9,11999.931263959203,5409.021368169427,-290.7800285804976
0-zero-0_0:0:0,2.8334815791148E11,-7.164456986571683E11,-3.366562682256837E9,11992.87211308356,5426.926669896557,-290.6964374328783
0-zero-0_0:0:0,2.843843420620504E11,-7.159768121928893E11,-3.3916788544510374E9,11985.78559062695,5444.824024319977,-290.61220122570546
0-zero-0_0:0:0,2.8541991393708057E11,-7.15506379397188E11,-3.4167877486369386E9,11978.671700957126,5462.713388096471,-290.52731987690186
0-zero-0_0:0:0,2.864548711720433E11,-7.150344009604564E11,-3.4418893090743027E9,11971.530448512929,5480.5947178663655,-290.441793305919
0-zero-0_0:0:0,2.874892114027948E11,-7.145608775768328E11,-3.466983480015934E9,11964.361837804394,5498.4679702536805,-290.35562143374057
0-zero-0_0:0:0,2.885229322655811E11,-7.140858099442029E11,-3.492070205707809E9,11957.165873412829,5516.333101866283,-290.268804182886
0-zero-0_0:0:0,2.89556031397044E11,-7.136091987642017E11,-3.51714943038921E9,11949.942559990921,5534.190069296035,-290.1813414774143
0-zero-0_0:0:0,2.9058850643422723E11,-7.131310447422145E11,-3.5422210982928586E9,11942.691902262826,5552.038829118947,-290.09323324292734
0-zero-0_0:0:0,2.9162035501458276E11,-7.126513485873785E11,-3.5672851536450477E9,11935.41390502427,5569.879337895326,-290.0044794065734
0-zero-0_0:0:0,2.9265157477597687E11,-7.121701110125844E11,-3.592341540665776E9,11928.108573142648,5587.711552169923,-289.91507989705093
0-zero-0_0:0:0,2.936821633566964E11,-7.116873327344769E11,-3.617390203568881E9,11920.77591155712,5605.53542847209,-289.82503464461166
0-zero-0_0:0:0,2.9471211839545496E11,-7.112030144734569E11,-3.6424310865621753E9,11913.415925278718,5623.350923315919,-289.7343435810643
0-zero-0_0:0:0,2.9574143753139905E11,-7.107171569536824E11,-3.667464133847579E9,11906.028619390441,5641.157993200399,-289.64300663977775
0-zero-0_0:0:0,2.967701184041144E11,-7.102297609030698E11,-3.692489289621256E9,11898.613999047366,5658.9565946095545,-289.55102375568447
0-zero-0_0:0:0,2.977981586536321E11,-7.097408270532955E11,-3.717506498073747E9,11891.172069476743,5676.746684012599,-289.45839486528376
0-zero-0_0:0:0,2.988255559204349E11,-7.092503561397969E11,-3.7425157033901076E9,11883.702835978107,5694.5282178640755,-289.365119906645
0-zero-0_0:0:0,2.998523078454634E11,-7.087583489017734E11,-3.767516849750042E9,11876.206303923382,5712.301152604004,-289.2711988194109
0-zero-0_0:0:0,3.008784120701224E11,-7.082648060821885E11,-3.792509881328039E9,11868.682478756982,5730.065444658023,-289.1766315448005
0-zero-0_0:0:0,3.01903866236287E11,-7.0776972842777E11,-3.81749474229351E9,11861.131365995927,5747.821050437535,-289.0814180256122
0-zero-0_0:0:0,3.02928667986309E11,-7.072731166890122E11,-3.8424713768109226E9,11853.55297122994,5765.567926339844,-288.9855582062271
0-zero-0_0:0:0,3.039528149630233E11,-7.067749716201764E11,-3.867439729039941E9,11845.947300121561,5783.306028748301,-288.8890520326115
0-zero-0_0:0:0,3.0497630480975385E11,-7.062752939792925E11,-3.8923997431355586E9,11838.314358406255,5801.03531403244,-288.7918994523202
0-zero-0_0:0:0,3.059991351703201E11,-7.0577408452816E11,-3.917351363248239E9,11830.654151892515,5818.755738548116,-288.69410041449913
0-zero-0_0:0:0,3.0702130368904364E11,-7.052713440323495E11,-3.9422945335240517E9,11822.96668646198,5836.467258637649,-288.5956548698883
0-zero-0_0:0:0,3.0804280801075397E11,-7.047670732612032E11,-3.96722919810481E9,11815.251968069531,5854.169830629954,-288.49656277082437
0-zero-0_0:0:0,3.0906364578079517E11,-7.042612729878368E11,-3.9921553011282096E9,11807.510002743415,5871.8634108406795,-288.39682407124354
0-zero-0_0:0:0,3.100838146450322E11,-7.037539439891401E11,-4.017072786727965E9,11799.74079658534,5889.547955572343,-288.2964387266842
0-zero-0_0:0:0,3.111033122498572E11,-7.032450870457787E11,-4.0419815990339503E9,11791.944355770594,5907.223421114466,-288.1954066942893
0-zero-0_0:0:0,3.1212213624219574E11,-7.027347029421943E11,-4.066881682172337E9,11784.120686548149,5924.889763743703,-288.0937279328093
0-zero-0_0:0:0,3.131402842695135E11,-7.022227924666069E11,-4.091772980265732E9,11776.269795240769,5942.54693972398,-287.9914024026043
0-zero-0_0:0:0,3.1415775397982227E11,-7.017093564110148E11,-4.1166554374333167E9,11768.391688245121,5960.194905306623,-287.88843006564684
0-zero-0_0:0:0,3.1517454302168665E11,-7.011943955711963E11,-4.1415289977909884E9,11760.486372031883,5977.833616730487,-287.7848108855242
0-zero-0_0:0:0,3.161906490442302E11,-7.006779107467108E11,-4.1663936054514976E9,11752.553853145851,5995.463030222091,-287.6805448274409
0-zero-0_0:0:0,3.17206069697142E11,-7.001599027408997E11,-4.1912492045245886E9,11744.59413820605,6013.083101995746,-287.57563185822085
0-zero-0_0:0:0,3.1822080263068304E11,-6.996403723608872E11,-4.216095739117139E9,11736.607233905837,6030.693788253681,-287.4700719463101
0-zero-0_0:0:0,3.192348454956925E11,-6.99119320417582E11,-4.2409331533333E9,11728.59314701301,6048.295045186178,-287.3638650617788
0-zero-0_0:0:0,3.202481959435944E11,-6.98596747725678E11,-4.2657613912746377E9,11720.551884369917,6065.886828971693,-287.2570111763238
0-zero-0_0:0:0,3.21260851626404E11,-6.980726551036548E11,-4.290580397040272E9,11712.483452893559,6083.469095776989,-287.1495102632706
0-zero-0_0:0:0,3.22272810196734E11,-6.975470433737797E11,-4.315390114727018E9,11704.387859575696,6101.041801757262,-287.041362297576
0-zero-0_0:0:0,3.2328406930780133E11,-6.970199133621078E11,-4.340190488429529E9,11696.265111482955,6118.604903056266,-286.93256725582995
0-zero-0_0:0:0,3.242946266134335E11,-6.964912658984838E11,-4.364981462240433E9,11688.115215756932,6136.158355806443,-286.8231251162582
0-zero-0_0:0:0,3.253044797680749E11,-6.959611018165421E11,-4.389762980250478E9,11679.9381796143,6153.702116129045,-286.7130358587241
0-zero-0_0:0:0,3.263136264267936E11,-6.954294219537086E11,-4.414534986548672E9,11671.73401034691,6171.236140134264,-286.602299464731
0-zero-0_0:0:0,3.2732206424528754E11,-6.94896227151201E11,-4.4392974252224245E9,11663.502715321893,6188.760383921357,-286.4909159174246
0-zero-0_0:0:0,3.2832979087989136E11,-6.943615182540303E11,-4.46405024035769E9,11655.244301981764,6206.274803578772,-286.3788852015948
0-zero-0_0:0:0,3.293368039875826E11,-6.938252961110011E11,-4.488793376039107E9,11646.958777844526,6223.779355184271,-286.2662073036781
0-zero-0_0:0:0,3.3034310122598834E11,-6.932875615747131E11,-4.513526776350145E9,11638.64615050377,6241.273994805059,-286.1528822117597
0-zero-0_0:0:0,3.3134868025339185E11,-6.92748315501562E11,-4.538250385373241E9,11630.306427628775,6258.758678497912,-286.0389099155757
0-zero-0_0:0:0,3.3235353872873895E11,-6.922075587517397E11,-4.562964147189947E9,11621.93961696461,6276.233362309295,-285.92429040651535
0-zero-0_0:0:0,3.333576743116447E11,-6.916652921892362E11,-4.58766800588107E9,11613.545726332233,6293.698002275495,-285.80902367762303
0-zero-0_0:0:0,3.3436108466239984E11,-6.911215166818396E11,-4.612361905526816E9,11605.12476362859,6311.1525544227425,-285.69310972360057
0-zero-0_0:0:0,3.3536376744197736E11,-6.905762331011375E11,-4.637045790206936E9,11596.67673682671,6328.59697476734,-285.57654854080937
0-zero-0_0:0:0,3.363657203120392E11,-6.900294423225176E11,-4.661719604000862E9,11588.201653975811,6346.031219315788,-285.4593401272725
0-zero-0_0:0:0,3.373669409349427E11,-6.894811452251687E11,-4.686383290987859E9,11579.69952320139,6363.45524406491,-285.341484482677
0-zero-0_0:0:0,3.383674269737473E11,-6.889313426920815E11,-4.711036795247162E9,11571.170352705325,6380.869005001981,-285.2229816083759
0-zero-0_0:0:0,3.3936717609222107E11,-6.883800356100493E11,-4.735680060858126E9,11562.614150765963,6398.272458104852,-285.1038315073907
0-zero-0_0:0:0,3.403661859548472E11,-6.878272248696691E11,-4.760313031900364E9,11554.030925738225,6415.66555934208,-284.9840341844133
0-zero-0_0:0:0,3.41364454226831E11,-6.872729113653419E11,-4.784935652453897E9,11545.420686053694,6433.0482646730525,-284.86358964580836
0-zero-0_0:0:0,3.42361978574106E11,-6.867170959952742E11,-4.809547866599296E9,11536.783440220712,6450.420530048117,-284.74249789961533
0-zero-0_0:0:0,3.4335875666334106E11,-6.86159779661478E11,-4.834149618417823E9,11528.119196824473,6467.7823114087105,-284.6207589555508
0-zero-0_0:0:0,3.443547861619467E11,-6.856009632697723E11,-4.858740851991583E9,11519.427964527118,6485.133564687486,-284.49837282501056
0-zero-0_0:0:0,3.4535006473808185E11,-6.850406477297833E11,-4.883321511403664E9,11510.709752067824,6502.474245808441,-284.375339521072
0-zero-0_0:0:0,3.463445900606605E11,-6.844788339549454E11,-4.907891540738284E9,11501.964568262894,6519.804310687048,-284.2516590584962
0-zero-0_0:0:0,3.4733835979935846E11,-6.839155228625021E11,-4.932450884080938E9,11493.192422005857,6537.123715230385,-284.1273314537302
0-zero-0_0:0:0,3.4833137162461975E11,-6.833507153735062E11,-4.95699948551854E9,11484.393322267551,6554.432415337264,-284.0023567249093
0-zero-0_0:0:0,3.493236232076637E11,-6.82784412412821E11,-4.981537289139572E9,11475.567278096214,6571.73036689836,-283.87673489185914
0-zero-0_0:0:0,3.503151122204912E11,-6.82216614909121E11,-5.006064239034228E9,11466.714298617575,6589.01752579635,-283.75046597609816
0-zero-0_0:0:0,3.513058363358918E11,-6.816473237948922E11,-5.030580279294563E9,11457.834393034944,6606.293847906034,-283.6235500008397
0-zero-0_0:0:0,3.5229579322745E11,-6.810765400064331E11,-5.055085354014636E9,11448.927570629297,6623.5592890944745,-283.49598699099437
0-zero-0_0:0:0,3.5328498056955237E11,-6.805042644838553E11,-5.079579407290658E9,11439.993840759369,6640.813805221126,-283.3677769731722
0-zero-0_0:0:0,3.54273396037394E11,-6.799304981710842E11,-5.10406238322114E9,11431.033212861736,6658.057352137969,-283.2389199756851
0-zero-0_0:0:0,3.552610373069852E11,-6.793552420158595E11,-5.128534225907039E9,11422.045696450905,6675.2898856896445,-283.1094160285489
0-zero-0_0:0:0,3.5624790205515857E11,-6.78778496969736E11,-5.152994879451905E9,11413.0313011194,6692.511361713586,-282.97926516348576
0-zero-0_0:0:0,3.5723398795957526E11,-6.782002639880839E11,-5.17744428796203E9,11403.990036537845,6709.721736040156,-282.84846741392664
0-zero-0_0:0:0,3.582192926987321E11,-6.7762054403009E11,-5.201882395546594E9,11394.921912455056,6726.920964492782,-282.71702281501325
0-zero-0_0:0:0,3.5920381395196826E11,-6.770393380587578E11,-5.226309146317811E9,11385.82693869812,6744.10900288809,-282.5849314036006
0-zero-0_0:0:0,3.601875493994718E11,-6.764566470409083E11,-5.250724484391082E9,11376.705125172475,6761.285807036042,-282.45219321825914
0-zero-0_0:0:0,3.611704967222867E11,-6.758724719471804E11,-5.275128353885139E9,11367.556481862008,6778.451332740075,-282.3188082992773
0-zero-0_0:0:0,3.621526536023196E11,-6.752868137520317E11,-5.299520698922197E9,11358.381018829123,6795.605535797235,-282.1847766886636
0-zero-0_0:0:0,3.6313401772234644E11,-6.746996734337389E11,-5.323901463628098E9,11349.178746214835,6812.7483719983165,-282.050098430149
0-zero-0_0:0:0,3.641145867660194E11,-6.741110519743982E11,-5.3482705921324625E9,11339.949674238846,6829.879797128005,-281.9147735691893
0-zero-0_0:0:0,3.6509435841787366E11,-6.735209503599264E11,-5.37262802856884E9,11330.69381319963,6846.999766965009,-281.77880215296744
0-zero-0_0:0:0,3.660733303633341E11,-6.729293695800607E11,-5.396973717074857E9,11321.411173474513,6864.108237282208,-281.6421842303958
0-zero-0_0:0:0,3.670515002887223E11,-6.723363106283595E11,-5.421307601792363E9,11312.101765519756,6881.2051638467865,-281.5049198521185
0-zero-0_0:0:0,3.680288658812632E11,-6.717417745022031E11,-5.445629626867586E9,11302.76559987063,6898.2905024203765,-281.36700907051386
0-zero-0_0:0:0,3.69005424829092E11,-6.71145762202794E11,-5.469939736451279E9,11293.402687141508,6915.3642087592025,-281.2284519396966
0-zero-0_0:0:0,3.69981174821261E11,-6.705482747351571E11,-5.494237874698869E9,11284.013038025929,6932.426238614221,-281.0892485155202
0-zero-0_0:0:0,3.709561135477464E11,-6.699493131081409E11,-5.51852398577061E9,11274.596663296688,6949.476547731263,-280.94939885557943
0-zero-0_0:0:0,3.7193023869945526E11,-6.693488783344169E11,-5.542798013831732E9,11265.153573805916,6966.51509185118,-280.8089030192125
0-zero-0_0:0:0,3.729035479682321E11,-6.68746971430481E11,-5.567059903052591E9,11255.683780485148,6983.541826709985,-280.66776106750336
0-zero-0_0:0:0,3.73876039046866E11,-6.681435934166532E11,-5.591309597608824E9,11246.187294345411,7000.556708039,-280.5259730632843
0-zero-0_0:0:0,3.748477096290975E11,-6.675387453170786E11,-5.615547041681492E9,11236.664126477299,7017.5596915649985,-280.38353907113805
0-zero-0_0:0:0,3.758185574096251E11,-6.669324281597274E11,-5.639772179457238E9,11227.114288051049,7034.550733010353,-280.2404591574003
0-zero-0_0:0:0,3.7678858008411273E11,-6.663246429763953E11,-5.663984955128438E9,11217.537790316617,7051.529788093181,-280.09673339016206
0-zero-0_0:0:0,3.777577753491961E11,-6.65715390802704E11,-5.688185312893348E9,11207.934644603756,7068.496812527494,-279.95236183927176
0-zero-0_0:0:0,3.7872614090248987E11,-6.651046726781016E11,-5.712373196956261E9,11198.304862322093,7085.45176202334,-279.80734457633804
0-zero-0_0:0:0,3.796936744425945E11,-6.644924896458628E11,-5.736548551527657E9,11188.648454961201,7102.394592286958,-279.66168167473177
0-zero-0_0:0:0,3.8066037366910315E11,-6.638788427530892E11,-5.760711320824353E9,11178.965434090678,7119.325259020921,-279.5153732095885
0-zero-0_0:0:0,3.816262362826086E11,-6.632637330507098E11,-5.784861449069662E9,11169.255811360219,7136.243717924292,-279.368419257811
0-zero-0_0:0:0,3.825912599847101E11,-6.626471615934812E11,-5.808998880493537E9,11159.519598499692,7153.149924692765,-279.22081989807145
0-zero-0_0:0:0,3.8355544247802045E11,-6.620291294399878E11,-5.83312355933273E9,11149.756807319212,7170.043835018826,-279.07257521081374
0-zero-0_0:0:0,3.8451878146617285E11,-6.614096376526422E11,-5.857235429830945E9,11139.967449709216,7186.925404591894,-278.9236852782561
0-zero-0_0:0:0,3.854812746538277E11,-6.607886872976854E11,-5.881334436238986E9,11130.151537640533,7203.794589098481,-278.7741501843932
0-zero-0_0:0:0,3.864429197466798E11,-6.601662794451873E11,-5.905420522814918E9,11120.309083164459,7220.651344222339,-278.62397001499886
0-zero-0_0:0:0,3.874037144514652E11,-6.595424151690464E11,-5.929493633824213E9,11110.440098412826,7237.495625644614,-278.4731448576281
0-zero-0_0:0:0,3.883636564759681E11,-6.589170955469907E11,-5.953553713539912E9,11100.544595598083,7254.327389044003,-278.3216748016197
0-zero-0_0:0:0,3.893227435290278E11,-6.582903216605773E11,-5.977600706242772E9,11090.62258701336,7271.146590096902,-278.1695599380985
0-zero-0_0:0:0,3.902809733205457E11,-6.576620945951929E11,-6.001634556221424E9,11080.67408503254,7287.953184477566,-278.01680035997794
0-zero-0_0:0:0,3.9123834356149255E11,-6.57032415440054E11,-6.025655207772526E9,11070.699102110333,7304.747127858259,-277.86339616196227
0-zero-0_0:0:0,3.921948519639149E11,-6.56401285288207E11,-6.049662605200919E9,11060.697650782346,7321.5283759094145,-277.70934744054904
0-zero-0_0:0:0,3.931504962409425E11,-6.557687052365284E11,-6.073656692819782E9,11050.66974366515,7338.296884299791,-277.5546542940315
0-zero-0_0:0:0,3.9410527410679517E11,-6.55134676385725E11,-6.097637414950787E9,11040.615393456357,7355.052608696626,-277.39931682250085
0-zero-0_0:0:0,3.950591832767898E11,-6.544991998403336E11,-6.121604715924251E9,11030.534612934684,7371.795504765794,-277.243335127849
0-zero-0_0:0:0,3.9601222146734735E11,-6.538622767087218E11,-6.145558540079297E9,11020.427414960022,7388.52552817197,-277.0867093137704
0-zero-0_0:0:0,3.969643863959999E11,-6.532239081030878E11,-6.169498831764007E9,11010.293812473512,7405.242634578779,-276.92943948576516
0-zero-0_0:0:0,3.979156757813976E11,-6.525840951394602E11,-6.193425535335577E9,11000.133818497603,7421.946779648963,-276.7715257511407
0-zero-0_0:0:0,3.988660873433158E11,-6.519428389376985E11,-6.217338595160476E9,10989.94744613613,7438.637919044534,-276.6129682190147
0-zero-0_0:0:0,3.99815618802662E11,-6.51300140621493E11,-6.241237955614598E9,10979.734708574375,7455.316008426942,-276.4537670003173
0-zero-0_0:0:0,4.007642678814828E11,-6.50656001318365E11,-6.2651235610834255E9,10969.49561907914,7471.981003457229,-276.29392220779357
0-zero-0_0:0:0,4.0171203230297125E11,-6.500104221596663E11,-6.288995355962179E9,10959.230190998813,7488.632859796193,-276.1334339560057
0-zero-0_0:0:0,4.026589097914736E11,-6.493634042805798E11,-6.312853284655978E9,10948.93843776343,7505.271533104548,-275.97230236133584
0-zero-0_0:0:0,4.0360489807249634E11,-6.487149488201196E11,-6.336697291579998E9,10938.620372884752,7521.896979043091,-275.81052754198805
0-zero-0_0:0:0,4.0454999487271356E11,-6.480650569211302E11,-6.360527321159626E9,10928.27600995632,7538.509153272859,-275.64810961799094
0-zero-0_0:0:0,4.054941979199738E11,-6.474137297302875E11,-6.384343317830621E9,10917.905362653528,7555.108011455297,-275.48504871120014
0-zero-0_0:0:0,4.0643750494330707E11,-6.467609683980978E11,-6.4081452260392685E9,10907.508444733689,7571.693509252419,-275.32134494530044
0-zero-0_0:0:0,4.0737991367293207E11,-6.461067740788983E11,-6.431932990242542E9,10897.085270036097,7588.265602326974,-275.1569984458085
0-zero-0_0:0:0,4.083214218402632E11,-6.454511479308573E11,-6.45570655490826E9,10886.635852482097,7604.8242463426095,-274.99200934007496
0-zero-0_0:0:0,4.0926202717791766E11,-6.447940911159733E11,-6.479465864515243E9,10876.160206075143,7621.36939696404,-274.8263777572871
0-zero-0_0:0:0,4.1020172741972253E11,-6.441356048000756E11,-6.5032108635534725E9,10865.65834490087,7637.901009857209,-274.66010382847105
0-zero-0_0:0:0,4.11140520300722E11,-6.434756901528239E11,-6.526941496524253E9,10855.130283127155,7654.419040689458,-274.49318768649414
0-zero-0_0:0:0,4.1207840355718414E11,-6.428143483477083E11,-6.550657707940366E9,10844.57603500418,7670.923445129692,-274.3256294660675
0-zero-0_0:0:0,4.130153749266085E11,-6.421515805620491E11,-6.574359442326234E9,10833.9956148645,7687.414178848548,-274.15742930374813
0-zero-0_0:0:0,4.139514321477328E11,-6.414873879769966E11,-6.598046644218078E9,10823.389037123101,7703.891197518562,-273.9885873379416
0-zero-0_0:0:0,4.148865729605402E11,-6.40821771777531E11,-6.621719258164076E9,10812.756316277468,7720.354456814339,-273.81910370890415
0-zero-0_0:0:0,4.158207951062666E11,-6.401547331524623E11,-6.645377228724525E9,10802.097466907646,7736.803912412718,-273.64897855874506
0-zero-0_0:0:0,4.167540963274074E11,-6.394862732944298E11,-6.669020500472001E9,10791.412503676305,7753.239519992945,-273.4782120314291
0-zero-0_0:0:0,4.1768647436772504E11,-6.388163933999025E11,-6.692649017991516E9,10780.701441328798,7769.661235236841,-273.30680427277883
0-zero-0_0:0:0,4.1861792697225586E11,-6.38145094669178E11,-6.716262725880684E9,10769.964294693229,7786.06901382897,-273.13475543047684
0-zero-0_0:0:0,4.195484518873174E11,-6.374723783063832E11,-6.739861568749877E9,10759.201078680513,7802.462811456813,-272.96206565406806
0-zero-0_0:0:0,4.204780468605154E11,-6.367982455194733E11,-6.763445491222388E9,10748.411808284436,7818.842583810936,-272.7887350949621
0-zero-0_0:0:0,4.2140670964075116E11,-6.36122697520232E11,-6.787014437934593E9,10737.59649858172,7835.208286585162,-272.6147639064354
0-zero-0_0:0:0,4.2233443797822864E11,-6.354457355242711E11,-6.810568353536109E9,10726.755164732083,7851.559875476742,-272.44015224363375
0-zero-0_0:0:0,4.232612296244615E11,-6.347673607510299E11,-6.834107182689959E9,10715.887821978296,7867.897306186526,-272.26490026357413
0-zero-0_0:0:0,4.241870823322804E11,-6.340875744237754E11,-6.857630870072731E9,10704.994485646255,7884.220534419138,-272.08900812514725
0-zero-0_0:0:0,4.251119938558402E11,-6.334063777696016E11,-6.881139360374743E9,10694.07517114503,7900.529515883144,-271.91247598911946
0-zero-0_0:0:0,4.2603596195062714E11,-6.327237720194292E11,-6.904632598300203E9,10683.129893966934,7916.824206291228,-271.7353040181352
0-zero-0_0:0:0,4.269589843734659E11,-6.320397584080056E11,-6.92811052856737E9,10672.158669687578,7933.104561360362,-271.557492376719
0-zero-0_0:0:0,4.278810588825269E11,-6.31354338173904E11,-6.951573095908719E9,10661.161513965937,7949.370536811982,-271.3790412312775
0-zero-0_0:0:0,4.2880218323733356E11,-6.306675125595234E11,-6.975020245071101E9,10650.138442544403,7965.622088372159,-271.1999507501018
0-zero-0_0:0:0,4.297223551987694E11,-6.299792828110881E11,-6.99845192081591E9,10639.08947124885,7981.859171771772,-271.0202211033692
0-zero-0_0:0:0,4.306415725290853E11,-6.292896501786471E11,-7.021868067919242E9,10628.014615988692,7998.081742746684,-270.83985246314546
0-zero-0_0:0:0,4.3155983299190674E11,-6.285986159160737E11,-7.045268631172058E9,10616.91389275694,8014.289757037913,-270.6588450033869
0-zero-0_0:0:0,4.3247713435224097E11,-6.279061812810657E11,-7.068653555380351E9,10605.787317630267,8030.483170391807,-270.47719889994204
0-zero-0_0:0:0,4.333934743764842E11,-6.272123475351438E11,-7.092022785365306E9,10594.634906769063,8046.66193856022,-270.2949143305538
0-zero-0_0:0:0,4.34308850832429E11,-6.265171159436522E11,-7.115376265963466E9,10583.456676417489,8062.826017300682,-270.1119914748615
0-zero-0_0:0:0,4.352232614892715E11,-6.258204877757574E11,-7.138713942026894E9,10572.252642903544,8078.9753623765755,-269.9284305144024
0-zero-0_0:0:0,4.3613670411761835E11,-6.251224643044481E11,-7.162035758423338E9,10561.02282263912,8095.1099295573085,-269.7442316326139
0-zero-0_0:0:0,4.370491764894944E11,-6.244230468065344E11,-7.185341660036396E9,10549.767232120053,8111.229674618491,-269.5593950148352
0-zero-0_0:0:0,4.3796067637834955E11,-6.237222365626473E11,-7.208631591765677E9,10538.485887926192,8127.334553342108,-269.3739208483092
0-zero-0_0:0:0,4.3887120155906635E11,-6.230200348572385E11,-7.231905498526972E9,10527.178806721446,8143.424521516692,-269.18780932218414
0-zero-0_0:0:0,4.397807498079671E11,-6.223164429785795E11,-7.255163325252409E9,10515.846005253843,8159.499534937499,-269.00106062751547
0-zero-0_0:0:0,4.4068931890282104E11,-6.216114622187609E11,-7.278405016890626E9,10504.487500355588,8175.5595494066865,-268.8136749572675
0-zero-0_0:0:0,4.4159690662285175E11,-6.209050938736921E11,-7.301630518406934E9,10493.103308943118,8191.60452073348,-268.62565250631513
0-zero-0_0:0:0,4.4250351074874445E11,-6.201973392431007E11,-7.32483977478348E9,10481.693448017157,8207.634404734355,-268.43699347144553
0-zero-0_0:0:0,4.4340912906265314E11,-6.194881996305316E11,-7.348032731019413E9,10470.257934662766,8223.64915723321,-268.2476980513599
0-zero-0_0:0:0,4.44313759348208E11,-6.187776763433467E11,-7.37120933213105E9,10458.796786049403,8239.648734061542,-268.057766446675
0-zero-0_0:0:0,4.452173993905227E11,-6.180657706927238E11,-7.394369523152042E9,10447.310019430974,8255.633091058615,-267.86719885992477
0-zero-0_0:0:0,4.4612004697620154E11,-6.173524839936562E11,-7.41751324913354E9,10435.797652145884,8271.602184071648,-267.6759954955622
0-zero-0_0:0:0,4.470216998933469E11,-6.166378175649525E11,-7.440640455144357E9,10424.25970161709,8287.55596895598,-267.48415655996064
0-zero-0_0:0:0,4.4792235593156665E11,-6.159217727292347E11,-7.463751086271137E9,10412.69618535215,8303.494401575252,-267.2916822614159
0-zero-0_0:0:0,4.488220128819811E11,-6.152043508129386E11,-7.486845087618524E9,10401.107120943281,8319.417437801583,-267.0985728101474
0-zero-0_0:0:0,4.497206685372306E11,-6.144855531463125E11,-7.50992240430932E9,10389.492526067397,8335.325033515746,-266.9048284183003
0-zero-0_0:0:0,4.506183206914828E11,-6.137653810634167E11,-7.532982981484662E9,10377.852418486169,8351.217144607346,-266.7104492999469
0-zero-0_0:0:0,4.5151496714044E11,-6.130438359021227E11,-7.556026764304177E9,10366.186816046065,8367.093726974997,-266.51543567108837
0-zero-0_0:0:0,4.524106056813464E11,-6.12320919004112E11,-7.579053697946159E9,10354.495736678404,8382.954736526504,-266.3197877496566
0-zero-0_0:0:0,4.5330523411299536E11,-6.115966317148762E11,-7.60206372760773E9,10342.779198399396,8398.800129179039,-266.12350575551585
0-zero-0_0:0:0,4.5419885023573706E11,-6.108709753837152E11,-7.625056798505007E9,10331.037219310194,8414.629860859324,-265.9265899104645
0-zero-0_0:0:0,4.550914518514855E11,-6.101439513637369E11,-7.648032855873271E9,10319.26981759694,8430.44388750381,-265.72904043823684
0-zero-0_0:0:0,4.559830367637258E11,-6.094155610118566E11,-7.670991844967134E9,10307.477011530806,8446.24216505886,-265.53085756450497
0-zero-0_0:0:0,4.568736027775221E11,-6.086858056887955E11,-7.693933711060708E9,10295.658819468037,8462.024649480929,-265.33204151688057
0-zero-0_0:0:0,4.577631476995241E11,-6.079546867590803E11,-7.716858399447766E9,10283.815259850004,8477.791296736748,-265.1325925249167
0-zero-0_0:0:0,4.5865166933797516E11,-6.072222055910422E11,-7.739765855441919E9,10271.946351203234,8493.54206280351,-264.9325108201096
0-zero-0_0:0:0,4.595391655027191E11,-6.06488363556816E11,-7.762656024376777E9,10260.052112139467,8509.276903669048,-264.7317966359009
0-zero-0_0:0:0,4.6042563400520795E11,-6.05753162032339E11,-7.785528851606118E9,10248.132561355686,8524.995775332025,-264.53045020767905
0-zero-0_0:0:0,4.613110726585091E11,-6.050166023973503E11,-7.808384282504062E9,10236.187717634166,8540.698633802118,-264.32847177278165
0-zero-0_0:0:0,4.621954792773127E11,-6.042786860353899E11,-7.83122226246523E9,10224.217599842514,8556.385435100205,-264.1258615704971
0-zero-0_0:0:0,4.630788516779391E11,-6.035394143337972E11,-7.854042736904921E9,10212.222226933709,8572.056135258548,-263.9226198420665
0-zero-0_0:0:0,4.639611876783461E11,-6.027987886837109E11,-7.876845651259275E9,10200.201617946146,8587.710690320984,-263.7187468306859
0-zero-0_0:0:0,4.6484248509813666E11,-6.020568104800673E11,-7.899630950985447E9,10188.155792003674,8603.349056343111,-263.51424278150785
0-zero-0_0:0:0,4.657227417585658E11,-6.013134811215992E11,-7.9223985815617695E9,10176.084768315633,8618.971189392474,-263.3091079416434
0-zero-0_0:0:0,4.666019554825483E11,-6.005688020108357E11,-7.945148488487927E9,10163.9885661769,8634.577045548755,-263.1033425601641
0-zero-0_0:0:0,4.6748012409466595E11,-5.998227745541003E11,-7.967880617285126E9,10151.867204967926,8650.166580903962,-262.89694688810397
0-zero-0_0:0:0,4.683572454211752E11,-5.990754001615103E11,-7.990594913496258E9,10139.720704154775,8665.73975156262,-262.6899211784612
0-zero-0_0:0:0,4.6923331729001416E11,-5.983266802469752E11,-8.013291322686077E9,10127.549083289163,8681.296513641955,-262.48226568620015
0-zero-0_0:0:0,4.7010833753081036E11,-5.975766162281965E11,-8.035969790441365E9,10115.352362008492,8696.836823272088,-262.2739806682533
0-zero-0_0:0:0,4.709823039748879E11,-5.968252095266658E11,-8.058630262371102E9,10103.130560035901,8712.360636596224,-262.0650663835229
0-zero-0_0:0:0,4.7185521445527496E11,-5.960724615676638E11,-8.081272684106639E9,10090.88369718029,8727.867909770843,-261.85552309288306
0-zero-0_0:0:0,4.7272706680671136E11,-5.953183737802596E11,-8.103897001301864E9,10078.611793336366,8743.358598965886,-261.6453510591815
0-zero-0_0:0:0,4.7359785886565564E11,-5.94562947597309E11,-8.126503159633377E9,10066.314868484676,8758.832660364955,-261.4345505472413
0-zero-0_0:0:0,4.744675884702927E11,-5.938061844554534E11,-8.149091104800659E9,10053.99294269165,8774.290050165493,-261.2231218238628
0-zero-0_0:0:0,4.7533625346054126E11,-5.93048085795119E11,-8.171660782526241E9,10041.646036109627,8789.730724578987,-261.0110651578254
0-zero-0_0:0:0,4.7620385167806116E11,-5.922886530605154E11,-8.194212138555878E9,10029.274168976903,8805.15463983115,-260.7983808198892
0-zero-0_0:0:0,4.7707038096626074E11,-5.915278876996339E11,-8.216745118658716E9,10016.87736161776,8820.561752162113,-260.585069082797
0-zero-0_0:0:0,4.779358391703045E11,-5.907657911642471E11,-8.23925966862747E9,10004.455634442504,8835.952017826628,-260.37113022127585
0-zero-0_0:0:0,4.7880022413712036E11,-5.900023649099069E11,-8.261755734278588E9,9992.009007947498,8851.325393094248,-260.15656451203887
0-zero-0_0:0:0,4.7966353371540704E11,-5.892376103959435E11,-8.284233261452429E9,9979.5375027152,8866.681834249524,-259.941372233787
0-zero-0_0:0:0,4.8052576575564166E11,-5.884715290854644E11,-8.306692196013428E9,9967.041139414197,8882.0212975922,-259.72555366721053
0-zero-0_0:0:0,4.8138691811008704E11,-5.877041224453524E11,-8.329132483850275E9,9954.519938799236,8897.343739437403,-259.5091090949911
0-zero-0_0:0:0,4.822469886327993E11,-5.86935391946265E11,-8.351554070876082E9,9941.97392171126,8912.649116115837,-259.2920388018032
0-zero-0_0:0:0,4.831059751796352E11,-5.861653390626326E11,-8.373956903028558E9,9929.40310907744,8927.937383973978,-259.07434307431566
0-zero-0_0:0:0,4.8396387560825946E11,-5.853939652726572E11,-8.396340926270179E9,9916.807521911214,8943.208499374263,-258.85602220119364
0-zero-0_0:0:0,4.848206877781526E11,-5.846212720583113E11,-8.418706086588362E9,9904.187181312307,8958.46241869529,-258.6370764731001
0-zero-0_0:0:0,4.85676409550618E11,-5.83847260905336E11,-8.441052329995638E9,9891.542108466776,8973.699098332008,-258.41750618269737
0-zero-0_0:0:0,4.865310387887895E11,-5.830719333032402E11,-8.463379602529823E9,9878.872324647033,8988.918494695914,-258.19731162464893
0-zero-0_0:0:0,4.87384573357639E11,-5.822952907452985E11,-8.485687850254193E9,9866.17785121188,9004.120564215245,-257.9764930956208
0-zero-0_0:0:0,4.882370111239837E11,-5.815173347285503E11,-8.507977019257655E9,9853.458709606539,9019.305263335174,-257.7550508942833
0-zero-0_0:0:0,4.890883499564937E11,-5.807380667537981E11,-8.530247055654922E9,9840.714921362684,9034.472548518008,-257.5329853213125
0-zero-0_0:0:0,4.8993858772569946E11,-5.799574883256061E11,-8.552497905586683E9,9827.946508098466,9049.622376243376,-257.31029667939185
0-zero-0_0:0:0,4.9078772230399915E11,-5.791756009522987E11,-8.574729515219783E9,9815.153491518551,9064.754703008433,-257.08698527321377
0-zero-0_0:0:0,4.916357515656663E11,-5.783924061459587E11,-8.596941830747389E9,9802.33589341414,9079.869485328052,-256.8630514094811
0-zero-0_0:0:0,4.924826733868573E11,-5.776079054224264E11,-8.619134798389168E9,9789.493735663002,9094.966679735018,-256.6384953969087
0-zero-0_0:0:0,4.933284856456186E11,-5.768221003012972E11,-8.64130836439146E9,9776.627040229501,9110.046242780227,-256.41331754622485
0-zero-0_0:0:0,4.941731862218944E11,-5.76034992305921E11,-8.663462475027454E9,9763.73582916463,9125.108131032883,-256.1875181701729
0-zero-0_0:0:0,4.9501677299753424E11,-5.752465829633998E11,-8.685597076597357E9,9750.820124606029,9140.152301080692,-255.9610975835126
0-zero-0_0:0:0,4.9585924385630023E11,-5.744568738045864E11,-8.707712115428572E9,9737.879948778016,9155.178709530062,-255.73405610302177
0-zero-0_0:0:0,4.9670059668387463E11,-5.73665866364083E11,-8.729807537875874E9,9724.915323991614,9170.1873130063,-255.50639404749762
0-zero-0_0:0:0,4.975408293678675E11,-5.728735621802393E11,-8.751883290321577E9,9711.926272644578,9185.178068153806,-255.27811173775828
0-zero-0_0:0:0,4.98379939797824E11,-5.720799627951508E11,-8.77393931917572E9,9698.912817221417,9200.150931636275,-255.04920949664418
0-zero-0_0:0:0,4.9921792586523193E11,-5.712850697546573E11,-8.79597557087623E9,9685.874980293425,9215.105860136895,-254.81968764901956
0-zero-0_0:0:0,5.000547854635293E11,-5.704888846083416E11,-8.817991991889105E9,9672.812784518701,9230.042810358538,-254.58954652177383
0-zero-0_0:0:0,5.008905164881117E11,-5.696914089095266E11,-8.839988528708586E9,9659.726252642173,9244.961739023971,-254.358786443823
0-zero-0_0:0:0,5.0172511683633997E11,-5.688926442152749E11,-8.861965127857332E9,9646.615407495623,9259.862602876041,-254.12740774611112
0-zero-0_0:0:0,5.025585844075476E11,-5.680925920863864E11,-8.883921735886597E9,9633.480271997716,9274.745358677885,-253.8954107616116
0-zero-0_0:0:0,5.033909171030482E11,-5.672912540873966E11,-8.9058582993764E9,9620.320869154013,9289.609963213123,-253.66279582532866
0-zero-0_0:0:0,5.042221128261431E11,-5.66488631786575E11,-8.927774764935709E9,9607.137222057001,9304.45637328606,-253.42956327429863
0-zero-0_0:0:0,5.0505216948212885E11,-5.656847267559231E11,-8.949671079202608E9,9593.929353886115,9319.284545721885,-253.19571344759134
0-zero-0_0:0:0,5.058810849783046E11,-5.648795405711727E11,-8.97154718884448E9,9580.697287907755,9334.094437366868,-252.96124668631145
0-zero-0_0:0:0,5.0670885722397986E11,-5.640730748117842E11,-8.993403040558178E9,9567.44104747531,9348.886005088565,-252.72616333359977
0-zero-0_0:0:0,5.0753548413048175E11,-5.632653310609446E11,-9.015238581070202E9,9554.16065602918,9363.659205776015,-252.49046373463457
0-zero-0_0:0:0,5.0836096361116266E11,-5.624563109055656E11,-9.037053757136875E9,9540.856137096796,9378.413996339941,-252.25414823663297
0-zero-0_0:0:0,5.0918529358140784E11,-5.616460159362817E11,-9.05884851554452E9,9527.52751429264,9393.15033371295,-252.01721718885213
0-zero-0_0:0:0,5.100084719586427E11,-5.60834447747449E11,-9.080622803109636E9,9514.174811318264,9407.86817484974,-251.77967094259057
0-zero-0_0:0:0,5.108304966623406E11,-5.60021607937142E11,-9.102376566679075E9,9500.798051962307,9422.56747672729,-251.54150985118946
0-zero-0_0:0:0,5.116513656140301E11,-5.592074981071527E11,-9.124109753130219E9,9487.397260100519,9437.24819634507,-251.30273427003385
0-zero-0_0:0:0,5.124710767373028E11,-5.583921198629885E11,-9.14582230937115E9,9473.972459695775,9451.91029072524,-251.06334455655391
0-zero-0_0:0:0,5.132896279578205E11,-5.575754748138699E11,-9.167514182340836E9,9460.523674798094,9466.553716912851,-250.82334107022626
0-zero-0_0:0:0,5.1410701720332306E11,-5.567575645727286E11,-9.189185319009304E9,9447.05092954466,9481.17843197605,-250.582724172575
0-zero-0_0:0:0,5.1492324240363574E11,-5.559383907562059E11,-9.210835666377815E9,9433.554248159835,9495.784393006275,-250.34149422717314
0-zero-0_0:0:0,5.1573830149067676E11,-5.551179549846501E11,-9.232465171479042E9,9420.033654955174,9510.371557118468,-250.09965159964358
0-zero-0_0:0:0,5.165521923984649E11,-5.542962588821151E11,-9.25407378137725E9,9406.489174329447,9524.939881451266,-249.8571966576605
0-zero-0_0:0:0,5.1736491306312695E11,-5.534733040763577E11,-9.275661443168472E9,9392.92083076865,9539.489323167214,-249.61412977095034
0-zero-0_0:0:0,5.1817646142290533E11,-5.52649092198836E11,-9.297228103980682E9,9379.328648846022,9554.01983945296,-249.3704513112931
0-zero-0_0:0:0,5.1898683541816565E11,-5.518236248847073E11,-9.318773710973978E9,9365.712653222063,9568.531387519462,-249.1261616525234
0-zero-0_0:0:0,5.1979603299140405E11,-5.509969037728256E11,-9.340298211340755E9,9352.072868644544,9583.023924602194,-248.88126117053164
0-zero-0_0:0:0,5.2060405208725494E11,-5.5016893050574E11,-9.36180155230589E9,9338.40931994852,9597.49740796134,-248.63575024326514
0-zero-0_0:0:0,5.214108906524985E11,-5.4933970672969214E11,-9.383283681126907E9,9324.72203205635,9611.951794882008,-248.38962925072917
0-zero-0_0:0:0,5.222165466360681E11,-5.485092340946143E11,-9.40474454509417E9,9311.011029977708,9626.387042674427,-248.14289857498812
0-zero-0_0:0:0,5.2302101798905817E11,-5.4767751425412726E11,-9.426184091531048E9,9297.27633880959,9640.803108674154,-247.89555860016654
0-zero-0_0:0:0,5.238243026647313E11,-5.4684454886553784E11,-9.447602267794102E9,9283.517983736334,9655.199950242277,-247.64760971245013
0-zero-0_0:0:0,5.246263986185261E11,-5.460103395898369E11,-9.468999021273258E9,9269.735990029629,9669.57752476562,-247.39905230008696
0-zero-0_0:0:0,5.254273038080647E11,-5.4517488809169714E11,-9.490374299391985E9,9255.930383048526,9683.935789656945,-247.1498867533883
0-zero-0_0:0:0,5.262270161931601E11,-5.4433819603947076E11,-9.511728049607477E9,9242.101188239452,9698.274702355162,-246.90011346472977
0-zero-0_0:0:0,5.27025533735824E11,-5.4350026510518726E11,-9.53306021941083E9,9228.248431136215,9712.594220325527,-246.64973282855232
0-zero-0_0:0:0,5.278228544002742E11,-5.4266109696455115E11,-9.554370756327217E9,9214.37213736002,9726.89430105985,-246.39874524136314
0-zero-0_0:0:0,5.286189761529421E11,-5.418206932969396E11,-9.57565960791607E9,9200.472332619478,9741.174902076702,-246.14715110173677
0-zero-0_0:0:0,5.294138969624804E11,-5.4097905578540015E11,-9.596926721771261E9,9186.54904271061,9755.435980921615,-245.89495081031592
0-zero-0_0:0:0,5.302076147997706E11,-5.401361861166485E11,-9.618172045521273E9,9172.602293516866,9769.67749516729,-245.6421447698125
0-zero-0_0:0:0,5.310001276379305E11,-5.3929208598106604E11,-9.639395526829384E9,9158.632111009123,9783.899402413806,-245.3887333850085
