Name=mars	 
Mass=6.4171E23
Radius=3389920.0
Image_Path= /src/main/java/misc/marsScaled.png
Icon_Path= /src/main/java/misc/marsScaled.png
Start_Time=0-zero-0_0:0:0
End_Time=0-zero-0_0:0:0
No_of_Steps=367
$SOE
0-zero-0_0:0:0,-3.615638921529161E10,-2.167633037046744E11,-3.687670305939779E9,24815.51975121696,-1816.36800546407,-646.7321619018109
0-zero-0_0:0:0,-3.4012328308786465E10,-2.169202379003465E11,-3.743547964728095E9,24853.35138103269,-1584.1663151259781,-642.7937266182407
0-zero-0_0:0:0,-3.186499874946524E10,-2.170571098699734E11,-3.799085342707911E9,24888.9825582883,-1351.2317095337148,-638.7859433478478
0-zero-0_0:0:0,-2.971459065642913E10,-2.171738562896771E11,-3.8542764482131653E9,24922.398656716265,-1117.5847264596753,-634.7088836993571
0-zero-0_0:0:0,-2.7561295412488846E10,-2.172704156100432E11,-3.9091152957647896E9,24953.585214148417,-883.2462057851715,-630.562629640697
0-zero-0_0:0:0,-2.5405305649986423E10,-2.1734672808222305E11,-3.963595906965746E9,24982.52793878908,-648.2372895710521,-626.3472736547448
0-zero-0_0:0:0,-2.3246815236075047E10,-2.17402735784042E11,-4.017712311409516E9,25009.21271555538,-412.5794220037515,-622.0629188940783
0-zero-0_0:0:0,-2.108601925745106E10,-2.1743838264610312E11,-4.071458547601964E9,25033.6256124825,-176.2943492136529,-617.7096793346035
0-zero-0_0:0:0,-1.8923114004532574E10,-2.1745361447787518E11,-4.124828663896474E9,25055.752887191575,60.59588103735189,-613.2876799279281
0-zero-0_0:0:0,-1.6758296955079222E10,-2.1744837899375357E11,-4.177816719442247E9,25075.580993417756,298.06891980222383,-608.7970567523516
0-zero-0_0:0:0,-1.4591766757247929E10,-2.1742262583908267E11,-4.23041678514565E9,25093.09658759598,536.1021175321602,-604.237957162344
0-zero-0_0:0:0,-1.2423723212079636E10,-2.173763066161279E11,-4.2826229446444764E9,25108.286535501804,774.672524800082,-599.6105399363844
0-zero-0_0:0:0,-1.025436725541228E10,-2.1730937490998517E11,-4.33442929529498E9,25121.137918944543,1013.7568931672747,-594.9149754230342
0-zero-0_0:0:0,-8.083900939215471E9,-2.1722178631441553E11,-4.38582994917153E9,25131.638042509938,1253.3316761961898,-590.1514456851143
0-zero-0_0:0:0,-5.912527412342613E9,-2.1711349845759216E11,-4.436819034078724E9,25139.774440349334,1493.373030612373,-585.3201446418605
0-zero-0_0:0:0,-3.7404509006964307E9,-2.1698447102774725E11,-4.487390694575781E9,25145.534883012377,1733.8568176184274,-580.4212782089256
0-zero-0_0:0:0,-1.5678766868041615E9,-2.1683466579870502E11,-4.537539093013032E9,25148.90738431999,1974.7586043628644,-575.4550644360982
0-zero-0_0:0:0,6.049889112010856E8,-2.1666404665528806E11,-4.587258410580311E9,25149.88020827438,2216.053665566634,-570.4217336426022
0-zero-0_0:0:0,2.777938561195992E9,-2.164725796185831E11,-4.636542848367032E9,25148.441876002573,2457.7169853100595,-565.3215285498452
0-zero-0_0:0:0,4.950763939282614E9,-2.162602328710523E11,-4.685386628433739E9,25144.581172730046,2699.7232589828263,-560.1547044114734
0-zero-0_0:0:0,7.123255752606489E9,-2.160269767814762E11,-4.73378399489489E9,25138.287154780675,2942.046895399616,-554.9215291405967
0-zero-0_0:0:0,9.29520376277954E9,-2.1577278392971368E11,-4.781729215012637E9,25129.54915659925,3184.662019083881,-549.6222834340388
0-zero-0_0:0:0,1.1466396809909714E10,-2.1549762913126483E11,-4.829216580301338E9,25118.35679779264,3427.5424727221907,-544.2572608934688
0-zero-0_0:0:0,1.3636622837238998E10,-2.1520148946162164E11,-4.876240407642534E9,25104.69999018556,3670.661819791487,-538.8267681432682
0-zero-0_0:0:0,1.5805668916391031E10,-2.1488434428039166E11,-4.922795040410112E9,25088.568944886752,3913.993347361502,-533.3311249449838
0-zero-0_0:0:0,1.7973321273229248E10,-2.1454617525517963E11,-4.968874849605359E9,25069.954179361328,4157.510069074503,-527.7706643082186
0-zero-0_0:0:0,2.0139365314326065E10,-2.1418696638521158E11,-5.014474235001589E9,25048.84652450483,4401.184728304423,-522.1457325978084
0-zero-0_0:0:0,2.230358565404328E10,-2.1380670402468607E11,-5.059587626298039E9,25025.237131714515,4644.989801497341,-516.4566896371338
0-zero-0_0:0:0,2.4465766142223415E10,-2.134053769058367E11,-5.104209484282688E9,24999.11747995323,4888.8975016951845,-510.7039088074133
0-zero-0_0:0:0,2.6625689892491375E10,-2.1298297616169025E11,-5.148334302003649E9,24970.479382801066,5132.879782244372,-504.88777714282674
0-zero-0_0:0:0,2.8783139311165386E10,-2.1253949534850433E11,-5.191956605948789E9,24939.314995490025,5376.908340691066,-499.00869542131403
0-zero-0_0:0:0,3.0937896126775726E10,-2.1207493046786862E11,-5.235070957233191E9,24905.61682191666,5620.954622864512,-493.06707825089757
0-zero-0_0:0:0,3.3089741420189327E10,-2.1158927998845312E11,-5.277671952794068E9,24869.377721627654,5864.989827149874,-487.0633541513745
0-zero-0_0:0:0,3.523845565533796E10,-2.110825448673874E11,-5.319754226592747E9,24830.590916773137,6108.984908951799,-480.997965631227
0-zero-0_0:0:0,3.738381871054716E10,-2.1055472857125397E11,-5.361312450823285E9,24789.249999022537,6352.91058534984,-474.87136925959834
0-zero-0_0:0:0,3.952560991046271E10,-2.1000583709667975E11,-5.402341337127315E9,24745.348936437513,6596.7373399466915,-468.68403573318415
0-zero-0_0:0:0,4.166360805857091E10,-2.0943587899050836E11,-5.442835637814662E9,24698.88208029661,6840.435427910062,-462.4364499378882
0-zero-0_0:0:0,4.379759147030853E10,-2.0884486536953693E11,-5.482790147089295E9,24649.844171866047,7083.9748812088455,-456.1291110050942
0-zero-0_0:0:0,4.592733800675776E10,-2.0823280993980048E11,-5.522199702280135E9,24598.230349111036,7327.325514044091,-449.76253236240575
0-zero-0_0:0:0,4.805262510892095E10,-2.0759972901538705E11,-5.561059185076247E9,24544.03615334195,7570.45692847509,-443.33724177870755
0-zero-0_0:0:0,5.0173229832569695E10,-2.069456415367668E11,-5.599363522765927E9,24487.257535789566,7813.338520240761,-436.85378140340384
0-zero-0_0:0:0,5.228892888366191E10,-2.06270569088618E11,-5.637107689479181E9,24427.89086410355,8055.939484776298,-430.3127077996903
0-zero-0_0:0:0,5.439949865432046E10,-2.0557453591713333E11,-5.674286707433075E9,24365.93292876827,8298.228823424888,-423.7145919717187
0-zero-0_0:0:0,5.6504715259366035E10,-2.0485756894678943E11,-5.710895648179432E9,24301.38094943003,8540.175349844129,-417.06001938551503
0-zero-0_0:0:0,5.860435457339679E10,-2.041196977965629E11,-5.746929633854341E9,24234.23258112964,8781.747696606559,-410.34958998351533
0-zero-0_0:0:0,6.069819226840639E10,-2.0336095479557608E11,-5.782383838428916E9,24164.48592043434,9022.914321993558,-403.5839181925843
0-zero-0_0:0:0,6.2786003851931915E10,-2.0258137499815582E11,-5.817253488960755E9,24092.13951146294,9263.643516981661,-396.7636329253874
0-zero-0_0:0:0,6.486756470572231E10,-2.017809961982886E11,-5.851533866845509E9,24017.192351798043,9503.90341242014,-389.8893775749882
0-zero-0_0:0:0,6.694265012491766E10,-2.009598589434555E11,-5.885220309067987E9,23939.643898279206,9743.661986398509,-382.9618100025471
0-zero-0_0:0:0,6.901103535772899E10,-2.001180065478307E11,-5.918308209452208E9,23859.494072670856,9982.88707180239,-375.9816025180021
0-zero-0_0:0:0,7.107249564560776E10,-1.9925548510482697E11,-5.950793019909763E9,23776.743267198748,10221.546364056021,-368.9494418536152
0-zero-0_0:0:0,7.312680626389372E10,-1.9837234349897253E11,-5.982670251685916E9,23691.392349948794,10459.607429049402,-361.86602913027366
0-zero-0_0:0:0,7.517374256292929E10,-1.9746863341710266E11,-6.013935476602772E9,23603.442670122033,10697.03771124794,-354.73207981643844
0-zero-0_0:0:0,7.721308000962784E10,-1.9654440935885083E11,-6.044584328298912E9,23512.89606313956,10933.80454198219,-347.5483236796389
0-zero-0_0:0:0,7.92445942294831E10,-1.9559972864642358E11,-6.074612503464833E9,23419.754855591258,11169.875147915094,-340.3155047304158
0-zero-0_0:0:0,8.126806104900618E10,-1.946346514336437E11,-6.104015763073542E9,23324.021870022163,11405.2166596839,-333.03438115862235
0-zero-0_0:0:0,8.32832565385761E10,-1.93649240714247E11,-6.132789933605647E9,23225.70042955034,11639.79612071371,-325.7057252619958
0-zero-0_0:0:0,8.528995705568924E10,-1.9264356232941736E11,-6.160930908268284E9,23124.794362310226,11873.580496199416,-318.3303233669202
0-zero-0_0:0:0,8.728793928859285E10,-1.9161768497454572E11,-6.188434648207186E9,23021.308005715382,12106.53668225251,-310.9089757413058
0-zero-0_0:0:0,8.927698030028665E10,-1.905716802051991E11,-6.215297183711235E9,22915.246210534715,12338.631515209083,-303.4424964995165
0-zero-0_0:0:0,9.125685757287685E10,-1.8950562244228503E11,-6.241514615408793E9,22806.61434477624,12569.831781095074,-295.9317134992834
0-zero-0_0:0:0,9.322734905226552E10,-1.884195889763984E11,-6.267083115455132E9,22695.418297372595,12800.10422524461,-288.37746823054937
0-zero-0_0:0:0,9.518823319315851E10,-1.8731365997133728E11,-6.291998928710251E9,22581.664481662523,13029.41556206706,-280.78061569619564
0-zero-0_0:0:0,9.713928900437415E10,-1.861879184667747E11,-6.316258373906403E9,22465.359838662742,13257.732484958215,-273.14202428460857
0-zero-0_0:0:0,9.90802960944346E10,-1.850424503800743E11,-6.339857844804593E9,22346.51184012458,13485.021676350732,-265.4625756340522
0-zero-0_0:0:0,1.0101103471742137E11,-1.838773445072376E11,-6.3627938113393755E9,22225.128491370022,13711.249817898875,-257.7431644888187
0-zero-0_0:0:0,1.0293128581907574E11,-1.8269269252297116E11,-6.385062820751209E9,22101.218333901783,13936.38360079221,-249.9846985471372
0-zero-0_0:0:0,1.0484083108312486E11,-1.814885889798627E11,-6.406661498705682E9,21974.790447782292,14160.389736192843,-242.18809830082844
0-zero-0_0:0:0,1.0673945297781325E11,-1.8026513130665564E11,-6.427586550398873E9,21845.854453776512,14383.234965790498,-234.3542968667003
0-zero-0_0:0:0,1.0862693480261954E11,-1.7902241980561133E11,-6.447834761648156E9,21714.42051525369,14604.886072469524,-226.4842398096883
0-zero-0_0:0:0,1.1050306073513745E11,-1.7776055764894995E11,-6.467402999967713E9,21580.499339843336,14825.30989108177,-218.57888495775146
0-zero-0_0:0:0,1.1236761587809991E11,-1.7647965087436047E11,-6.486288215628063E9,21444.10218084083,15044.473319318986,-210.63920220854405
0-zero-0_0:0:0,1.1422038630652457E11,-1.7517980837957132E11,-6.504487442698881E9,21305.24083835826,15262.343328678297,-202.6661733278901
0-zero-0_0:0:0,1.1606115911495872E11,-1.738611419159735E11,-6.52199780007441E9,21163.927660216305,15478.886975514022,-194.66079174009764
0-zero-0_0:0:0,1.178897224648014E11,-1.725237660812891E11,-6.538816492480755E9,21020.175542573103,15694.071412169002,-186.62406231015683
0-zero-0_0:0:0,1.1970586563167972E11,-1.7116779831127768E11,-6.554940811464353E9,20873.997930286318,15907.863898178348,-178.5570011178758
0-zero-0_0:0:0,1.2150937905285646E11,-1.6979335887047507E11,-6.570368136360937E9,20725.40881700477,16120.231811538411,-170.46063522401545
0-zero-0_0:0:0,1.2330005437464568E11,-1.6840057084195816E11,-6.585095935244292E9,20574.42274498624,16331.142660033549,-162.33600242849425
0-zero-0_0:0:0,1.2507768449981248E11,-1.6698956011613126E11,-6.599121765854115E9,20421.054804638305,16540.564092613142,-154.18415102074232
0-zero-0_0:0:0,1.2684206363493323E11,-1.6556045537852948E11,-6.612443276502307E9,20265.320633779185,16748.463910811148,-146.00613952229253
0-zero-0_0:0:0,1.2859298733769174E11,-1.641133880966354E11,-6.625058206957033E9,20107.23641661603,16954.810080200317,-137.80303642170574
0-zero-0_0:0:0,1.3033025256408737E11,-1.626484925057061E11,-6.636964389303868E9,19946.818882438074,17159.570741873096,-129.57591990193552
0-zero-0_0:0:0,1.3205365771553001E11,-1.6116590559360825E11,-6.648159748783396E9,19784.08530402255,17362.71422394104,-121.32587756024677
0-zero-0_0:0:0,1.3376300268579756E11,-1.5966576708465973E11,-6.658642304604601E9,19619.053495751352,17564.20905304453,-113.0540061208112
0-zero-0_0:0:0,1.3545808890783047E11,-1.5814821942247668E11,-6.668410170733439E9,19451.741811436867,17764.0239658644,-104.76141114011132
0-zero-0_0:0:0,1.3713871940033862E11,-1.56613407751826E11,-6.677461556655945E9,19282.169141855476,17962.127920626976,-96.44920670529312
0-zero-0_0:0:0,1.3880469881419495E11,-1.5506147989948383E11,-6.685794768115282E9,19110.35491198769,18158.490108594026,-88.11851512561634
0-zero-0_0:0:0,1.4045583347859067E11,-1.534925863541013E11,-6.693408207822135E9,18936.319077964043,18353.079965528883,-79.77046661715949
0-zero-0_0:0:0,1.4209193144692676E11,-1.519068802450796E11,-6.700300376137857E9,18760.08212371618,18545.867183130074,-71.40619898094522
0-zero-0_0:0:0,1.4371280254241583E11,-1.5030451732045715E11,-6.706469871729811E9,18581.66505733294,18736.821720423635,-63.02685727465984
0-zero-0_0:0:0,1.453182584033694E11,-1.4868565592381256E11,-6.711915392198341E9,18401.089407121384,18925.913815105247,-54.633593478149024
0-zero-0_0:0:0,1.4690811252814468E11,-1.4705045697018747E11,-6.716635734674853E9,18218.377217373185,19113.11399482333,-46.22756615287951
0-zero-0_0:0:0,1.4848218031972574E11,-1.4539908392103473E11,-6.720629796390462E9,18033.55104383695,19298.393088394147,-37.80994009556481
0-zero-0_0:0:0,1.5004027912991324E11,-1.4373170275819748E11,-6.723896575214719E9,17846.63394889743,19481.72223693998,-29.381885986160377
0-zero-0_0:0:0,1.5158222830309796E11,-1.4204848195692587E11,-6.726435170163923E9,17657.649496462884,19663.072904941386,-20.944580030441504
0-zero-0_0:0:0,1.5310784921959235E11,-1.4034959245793893E11,-6.728244781878553E9,17466.621746562072,19842.416891194644,-12.499203597384584
0-zero-0_0:0:0,1.546169653384953E11,-1.386352076385397E11,-6.729324713069367E9,17273.575249652793,20019.72633966537,-4.046942851579658
0-zero-0_0:0:0,1.561094022400653E11,-1.3690550328279262E11,-6.729674368931744E9,17078.535040644045,20194.973750229437,4.4110116190905675
0-zero-0_0:0:0,1.5758498766757697E11,-1.351606575507728E11,-6.729293257527854E9,16881.526632634315,20368.131989292295,12.87346518026302
0-zero-0_0:0:0,1.5904355156863657E11,-1.3340085094689795E11,-6.728180990136279E9,16682.576010368713,20539.17430027787,21.33921953214888
0-zero-0_0:0:0,1.6048492613593243E11,-1.3162626628735394E11,-6.726337281568702E9,16481.709623417988,20708.07431397828,29.80707309457464
0-zero-0_0:0:0,1.6190894584739575E11,-1.2983708866662622E11,-6.72376195045333E9,16278.954379082796,20874.80605875565,38.275821395747165
0-zero-0_0:0:0,1.633154475057485E11,-1.2803350542314973E11,-6.720454919484737E9,16074.337635026819,21039.343970587488,46.744257464473854
0-zero-0_0:0:0,1.6470427027741483E11,-1.2621570610409097E11,-6.716416215639807E9,15867.88719164268,21201.66290294705,55.21117222556262
0-zero-0_0:0:0,1.6607525573077277E11,-1.2438388242927635E11,-6.711645970359518E9,15659.63128415483,21361.738136510376,63.675354898120325
0-zero-0_0:0:0,1.6742824787372375E11,-1.2253822825428186E11,-6.706144419696321E9,15449.598574463904,21519.545388681723,72.13559339646211
0-zero-0_0:0:0,1.6876309319055743E11,-1.2067893953269975E11,-6.699911904426867E9,15237.81814273729,21675.060822929307,80.59067473333847
0-zero-0_0:0:0,1.7007964067808994E11,-1.1880621427759866E11,-6.692948870129906E9,15024.319478750942,21828.26105792339,89.03938542518108
0-zero-0_0:0:0,1.7137774188105402E11,-1.1692025252219408E11,-6.68525586722917E9,14809.132472987714,21979.12317646897,97.48051189906313
0-zero-0_0:0:0,1.7265725092672015E11,-1.1502125627974716E11,-6.676833551001091E9,14592.287407497777,22127.624734225457,105.9128409010648
0-zero-0_0:0:0,1.7391802455872797E11,-1.1310942950271008E11,-6.667682681547239E9,14373.814946526903,22273.743768206034,114.33515990572975
0-zero-0_0:0:0,1.7515992217010788E11,-1.1118497804113708E11,-6.657804123731384E9,14153.746126918686,22417.458805049402,122.7462575262943
0-zero-0_0:0:0,1.7638280583547366E11,-1.0924810960038081E11,-6.647198847081113E9,13932.112348296994,22558.74886905713,131.14492392536678
0-zero-0_0:0:0,1.7758654034236652E11,-1.0729903369809428E11,-6.635867925653961E9,13708.945363035202,22697.59348998978,139.5299512257318
0-zero-0_0:0:0,1.7877099322173276E11,-1.0533796162055917E11,-6.623812537868058E9,13484.277266018973,22833.972710615446,147.90013392095105
0-zero-0_0:0:0,1.7993603477751678E11,-1.03365106378362E11,-6.611033966297288E9,13258.140484209645,22967.867094004483,156.25426928543084
0-zero-0_0:0:0,1.810815381153525E11,-1.0138068266144002E11,-6.597533597431026E9,13030.567766015443,23099.257730564517,164.59115778362514
0-zero-0_0:0:0,1.8220737917033624E11,-9.938490679351924E10,-6.583312921398521E9,12801.59217047803,23228.12624481013,172.9096034780432
0-zero-0_0:0:0,1.8331343673386554E11,-9.737799668596765E10,-6.568373531658018E9,12571.247056282107,23354.454801861826,181.2084144357316
0-zero-0_0:0:0,1.8439959247952832E11,-9.536017179108679E10,-6.552717124650771E9,12339.566070596,23478.22611366926,189.48640313290247
0-zero-0_0:0:0,1.854657309880278E11,-9.333165305486577E10,-6.536345499420089E9,12106.583137751417,23599.42344495395,197.74238685738302
0-zero-0_0:0:0,1.8651173977112952E11,-9.129266286922174E10,-6.519260557195611E9,11872.332447770734,23718.030618866986,205.97518810856556
0-zero-0_0:0:0,1.875375092946169E11,-8.924342502375163E10,-6.501464300943031E9,11636.848444750414,23834.032022357598,214.1836349945423
0-zero-0_0:0:0,1.8854293300024335E11,-8.718416465701994E10,-6.482958834879503E9,11400.165815109354,23947.412611248667,222.36656162611618
0-zero-0_0:0:0,1.895279073266688E11,-8.511510820740807E10,-6.463746363955007E9,11162.319475711132,24058.1579150156,230.5228085073855
0-zero-0_0:0:0,1.9049233172937024E11,-8.303648336355072E10,-6.443829193299969E9,10923.344561869339,24166.254041265292,238.65122292260887
0-zero-0_0:0:0,1.9143610869951575E11,-8.09485190143854E10,-6.423209727639455E9,10683.276415245295,24271.687679912116,246.7506593190653
0-zero-0_0:0:0,1.9235914378179294E11,-7.8851445198841E10,-6.401890470674288E9,10442.150571647666,24374.446107048232,254.8199796856336
0-zero-0_0:0:0,1.932613455911833E11,-7.674549305519203E10,-6.379874024429449E9,10200.00274874356,24474.51718850577,262.8580539268248
0-zero-0_0:0:0,1.9414262582867474E11,-7.463089477010513E10,-6.357163088570171E9,9956.868833690834,24571.889383108693,270.8637602320111
0-zero-0_0:0:0,1.9500289929590564E11,-7.250788352740454E10,-6.333760459686126E9,9712.784870701422,24666.551745612407,278.83598543960284
0-zero-0_0:0:0,1.9584208390873425E11,-7.037669345658363E10,-6.309669030544144E9,9467.787048545539,24758.493929329554,286.7736253959372
0-zero-0_0:0:0,1.9666010070972858E11,-6.823755958108956E10,-6.284891789309935E9,9221.911688006707,24847.70618844057,294.67558530864653
0-zero-0_0:0:0,1.9745687387957236E11,-6.6090717766408295E10,-6.259431818739267E9,8975.195229297482,24934.179379987967,302.5407800942869
0-zero-0_0:0:0,1.9823233074738367E11,-6.393640466797733E10,-6.233292295339121E9,8727.674219445857,25017.904965553527,310.3681347200109
0-zero-0_0:0:0,1.989864017999438E11,-6.177485767895351E10,-6.206476488499311E9,8479.385299662179,25098.875012617915,318.15658453907827
0-zero-0_0:0:0,1.997190206898346E11,-5.960631487786332E10,-6.178987759595135E9,8230.365192696474,25177.082195602485,325.9050756200017
0-zero-0_0:0:0,2.0043012424248358E11,-5.743101497616326E10,-6.150829561061566E9,7980.650690195894,25252.519796593388,333.61256506913224
0-zero-0_0:0:0,2.0111965246211652E11,-5.5249197265737595E10,-6.122005435439593E9,7730.278640072007,25325.18170574834,341.27802134649266
0-zero-0_0:0:0,2.0178754853661874E11,-5.306110156636094E10,-6.092519014395256E9,7479.28593388748,25395.062421386796,348.90042457467104
0-zero-0_0:0:0,2.024337588413066E11,-5.086696817315312E10,-6.062374017712005E9,7227.709494271619,25462.15704976455,356.4787668405925
0-zero-0_0:0:0,2.0305823294161166E11,-4.866703780405347E10,-6.031574252256977E9,6975.586262374096,25526.461304534092,364.0120524899895
0-zero-0_0:0:0,2.036609235946808E11,-4.646155154734172E10,-6.000123610921842E9,6722.953185366037,25587.971505892412,371.49929841439587
0-zero-0_0:0:0,2.0424178674989642E11,-4.425075080923261E10,-5.968026071538837E9,6469.847203997535,25646.6845794183,378.9395343304944
0-zero-0_0:0:0,2.048007815483218E11,-4.203487726157087E10,-5.935285695772683E9,6216.305240220458,25702.598054601414,386.33180305165195
0-zero-0_0:0:0,2.0533787032107684E11,-3.9814172789653305E10,-5.90190662798902E9,5962.364184885296,25755.710063065853,393.6751607514813
0-zero-0_0:0:0,2.0585301858665094E11,-3.7588879440204414E10,-5.867893094100092E9,5708.060885520625,25806.019336491183,400.968677219275
0-zero-0_0:0:0,2.063461950471599E11,-3.535923936953158E10,-5.833249400388347E9,5453.432134203579,25853.525204234254,408.21143610716274
0-zero-0_0:0:0,2.068173715835551E11,-3.312549479188574E10,-5.797979932308688E9,5198.514655529585,25898.22759065544,415.40253516885133
0-zero-0_0:0:0,2.0726652324979288E11,-3.088788792805311E10,-5.7620891532701E9,4943.345094689397,25940.127012153192,422.54108648981435
0-zero-0_0:0:0,2.0769362826597403E11,-2.864666095420307E10,-5.72558160339738E9,4687.960005661265,25979.224573911204,429.6262167088082
0-zero-0_0:0:0,2.0809866801046317E11,-2.6402055951017143E10,-5.688461898273739E9,4432.395839525687,26015.521966362423,436.6570672305918
0-zero-0_0:0:0,2.084816270109982E11,-2.415431485312343E10,-5.650734727665016E9,4176.688932910279,26049.021461373915,443.6327944296364
0-zero-0_0:0:0,2.0884249293480164E11,-2.190367939886072E10,-5.612404854226295E9,3920.8754965752564,26079.725908159166,450.55256984474084
0-zero-0_0:0:0,2.0918125657770575E11,-1.965039108039577E10,-5.5734771121917095E9,3664.9916041430615,26107.638728924816,457.41558036491324
0-zero-0_0:0:0,2.094979118523037E11,-1.7394691094216667E10,-5.533956406048181E9,3409.0731809783506,26132.763914253534,464.2210284059893
0-zero-0_0:0:0,2.0979245577514023E11,-1.5136820292025162E10,-5.493847709193903E9,3153.155993227225,26155.106018229977,470.96813207794054
0-zero-0_0:0:0,2.1006488845295505E11,-1.287701913205009E10,-5.453156062582369E9,2897.2756370219736,26174.67015331621,477.6561253428933
0-zero-0_0:0:0,2.1031521306799374E11,-1.061552763080357E10,-5.411886573352743E9,2641.4675278575305,26191.461984982652,484.28425816381855
0-zero-0_0:0:0,2.1054343586240063E11,-8.352585315301069E9,-5.37004441344739E9,2385.76689014574,26205.487726100862,490.85179664385805
0-zero-0_0:0:0,2.1074956612170923E11,-6.088431175765955E9,-5.3276348182173605E9,2130.208746953323,26216.754131104608,497.3580231562642
0-zero-0_0:0:0,2.1093361615744598E11,-3.8233036188385167E9,-5.28466308501666E9,1874.8279099292124,26225.26848992591,503.8022364649412
0-zero-0_0:0:0,2.1109560128886386E11,-1.557440421308918E9,-5.241134571786089E9,1619.6589694266816,26231.03862171281,510.18375183558703
0-zero-0_0:0:0,2.1123553982382233E11,7.08921315607069E8,-5.197054695627494E9,1364.7362848254554,26234.07286833578,516.5019011374461
0-zero-0_0:0:0,2.1135345303883124E11,2.9755452114312806E9,-5.152428931369219E9,1110.0939750587418,26234.38008768986,522.7560329356926
0-zero-0_0:0:0,2.114493651582763E11,5.242195651007685E9,-5.107262810123575E9,855.7659093498689,26231.96964679961,528.9455125744744
0-zero-0_0:0:0,2.1152330333284415E11,7.508637828491171E9,-5.061561917837141E9,601.7856981629601,26226.85141473418,535.0697222506586
0-zero-0_0:0:0,2.1157529761716544E11,9.774637790724205E9,-5.015331893834684E9,348.1866843718143,26219.035755339813,541.1280610783272
0-zero-0_0:0:0,2.1160538094669516E11,1.2039962479985565E10,-4.968578429357517E9,95.00193465090373,26208.5335197972,547.1199451440825
0-zero-0_0:0:0,2.11613589113849E11,1.4304379776096043E10,-4.921307266097069E9,-157.7357689078698,26195.35603901117,553.0448075532312
0-zero-0_0:0:0,2.1159996074341534E11,1.6567658537866608E10,-4.873524194724469E9,-409.9939369492805,26179.51511584024,558.9020984669212
0-zero-0_0:0:0,2.1156453726726294E11,1.8829568643875206E10,-4.825235053416927E9,-661.7403807766357,26161.02301717364,564.6912851303194
0-zero-0_0:0:0,2.1150736289836383E11,2.108988103255901E10,-4.776445726381668E9,-912.9432200385414,26139.892465863384,570.4118518919225
0-zero-0_0:0:0,2.114284846041525E11,2.3348367741609604E10,-4.727162142378206E9,-1163.5708901780035,26116.13663251908,576.0633002141011
0-zero-0_0:0:0,2.1132795207924112E11,2.5604801946659252E10,-4.677390273239708E9,-1413.5921496415517,26089.769127173084,581.6451486749885
0-zero-0_0:0:0,2.112058177175121E11,2.7858957999247005E10,-4.627136132394189E9,-1662.9760868463497,26060.803990823733,587.1569329618278
0-zero-0_0:0:0,2.1106213658360855E11,3.0110611464054176E10,-4.576405773386287E9,-1911.692126903513,26029.255686864242,592.5982058559031
0-zero-0_0:0:0,2.108969663838441E11,3.2359539155399246E10,-4.525205288400336E9,-2159.7100380961206,25995.139092404956,597.9685372091826
0-zero-0_0:0:0,2.1071036743655258E11,3.460551917298303E10,-4.473540806785463E9,-2406.9999381106672,25958.46948949658,603.2675139128125
0-zero-0_0:0:0,2.105024026418998E11,3.6848330936875534E10,-4.421418493583396E9,-2653.5323000209646,25919.262556261958,608.494739857603
0-zero-0_0:0:0,2.10273137451178E11,3.9087755221736565E10,-4.368844548059699E9,-2899.2779580237507,25877.534357943972,613.6498358866563
0-zero-0_0:0:0,2.1002263983560477E11,4.1323574190262924E10,-4.315825202239092E9,-3144.2081129255166,25833.30133787705,618.7324397402908
0-zero-0_0:0:0,2.09750980254648E11,4.35555714258555E10,-4.262366719445531E9,-3388.294337380318,25786.58030838971,623.742205993422
0-zero-0_0:0:0,2.0945823162389835E11,4.5783531964500374E10,-4.208475392847699E9,-3631.5085808785716,25737.38844164559,628.6788059855645
0-zero-0_0:0:0,2.0914446928251044E11,4.800724232585855E10,-4.154157544010546E9,-3873.823174487081,25685.743260430143,633.5419277436263
0-zero-0_0:0:0,2.0880977096023474E11,5.0226490543559715E10,-4.099419521453497E9,-4115.210835340777,25631.662628890324,638.3312758976689
0-zero-0_0:0:0,2.084542167440613E11,5.244106619469584E10,-4.0442676992159386E9,-4355.644670886881,25575.164743234363,643.046571589813
0-zero-0_0:0:0,2.0807788904449667E11,5.465076042851129E10,-3.9887084754305787E9,-4595.098182882431,25516.268122398636,647.6875523764714
0-zero-0_0:0:0,2.0768087256149564E11,5.685536599428654E10,-3.9327482709052515E9,-4833.545271146322,25454.991598688597,652.2539721240971
0-zero-0_0:0:0,2.072632542500686E11,5.905467726841323E10,-3.8763935277137294E9,-5070.960237067252,25391.354308400576,656.7456008986337
0-zero-0_0:0:0,2.06825123285586E11,6.124849028065904E10,-3.8196507077960873E9,-5307.317786869134,25325.37568243116,661.1622248488632
0-zero-0_0:0:0,2.063665710288005E11,6.343660273962109E10,-3.7625262915691457E9,-5542.593034635788,25257.075436880732,665.5036460838437
0-zero-0_0:0:0,2.0588769099060797E11,6.561881405736759E10,-3.7050267765475016E9,-5776.761505096885,25186.473563657637,669.7696825446353
0-zero-0_0:0:0,2.053885787965676E11,6.779492537326761E10,-3.647158675975645E9,-6009.799136177325,25113.5903210893,673.9601678705124
0-zero-0_0:0:0,2.0486933215120187E11,6.996473957700972E10,-3.588928517471633E9,-6241.6822813124245,25038.4462245465,678.0749512598615
0-zero-0_0:0:0,2.0433005080209647E11,7.212806133081053E10,-3.5303428416827807E9,-6472.387711531455,24961.062037086856,682.1138973259665
0-zero-0_0:0:0,2.0377083650382016E11,7.428469709081483E10,-3.4714082009538174E9,-6701.892617312255,24881.45876012344,686.0768859478811
0-zero-0_0:0:0,2.031917929816844E11,7.64344551276895E10,-3.4121311580079203E9,-6930.174610209799,24799.65762412429,689.9638121165891
0-zero-0_0:0:0,2.0259302589536227E11,7.857714554641383E10,-3.352518284641047E9,-7157.211724261775,24715.68007934846,693.7745857766536
0-zero-0_0:0:0,2.0197464280238605E11,8.071258030526955E10,-3.292576160429944E9,-7382.982417174381,24629.54778662408,697.5091316635528
0-zero-0_0:0:0,2.0133675312154218E11,8.284057323403387E10,-3.232311371454213E9,-7607.4655712916565,24541.282608173755,701.1673891369015
0-zero-0_0:0:0,2.006794680961826E11,8.496094005138008E10,-3.171730509032785E9,-7830.64049435186,24450.906598492504,704.7493120097512
0-zero-0_0:0:0,2.0000290075747058E11,8.707349838148984E10,-3.1108401684751425E9,-8052.486920034493,24358.441995283247,708.254868374164
0-zero-0_0:0:0,1.993071658875796E11,8.917806776988231E10,-3.049646947847615E9,-8272.985008301695,24263.911210454717,711.6840404232485
0-zero-0_0:0:0,1.9859237998286234E11,9.127446969846559E10,-2.988157446755046E9,-8492.11534553787,24167.33682118655,715.0368242698452
0-zero-0_0:0:0,1.9785866121700787E11,9.336252759981612E10,-2.926378265138131E9,-8709.858944491472,24068.741561066112,718.3132297620432
0-zero-0_0:0:0,1.971061294042038E11,9.544206687069223E10,-2.8643160020866904E9,-8926.197244023018,23968.148311301484,721.5132802957077
0-zero-0_0:0:0,1.9633490596232022E11,9.751291488478868E10,-2.8019772546691413E9,-9141.112108663428,23865.58009201489,724.637012624192
0-zero-0_0:0:0,1.955451138761317E11,9.957490100473877E10,-2.739368616778411E9,-9354.585827986928,23761.0600536207,727.6844766654046
0-zero-0_0:0:0,1.9473687766059366E11,1.016278565933716E11,-2.67649667799452E9,-9566.601115802754,23654.611468291936,730.6557353063957
0-zero-0_0:0:0,1.939103233241883E11,1.0367161502423203E11,-2.6133680224640474E9,-9777.14110917002,23546.257721519185,733.5508642056243
0-zero-0_0:0:0,1.9306557833235602E11,1.0570601169137128E11,-2.5499892277966814E9,-9986.189367240098,23436.022303765512,736.3699515930612
0-zero-0_0:0:0,1.9220277157102646E11,1.0773088401841661E11,-2.486366863979041E9,-10193.729869930956,23323.928802220937,739.1130980682794
0-zero-0_0:0:0,1.9132203331026443E11,1.097460714669285E11,-2.4225074923059416E9,-10399.747016437868,23210.000892659842,741.7804163966787
0-zero-0_0:0:0,1.904234951680442E11,1.117514155440543E11,-2.3584176643292685E9,-10604.225623585,23094.262331404534,744.3720313039858
0-zero-0_0:0:0,1.8950729007416644E11,1.1374675980948766E11,-2.294103920824604E9,-10807.150924022324,22976.736947398014,746.8880792691706
0-zero-0_0:0:0,1.885735522343309E11,1.1573194988174284E11,-2.229572790775748E9,-11008.508564272368,22857.448634388893,749.3287083159129
0-zero-0_0:0:0,1.8762241709437778E11,1.1770683344375404E11,-2.164830790377253E9,-11208.28460263127,22736.42134323118,751.6940778027506
0-zero-0_0:0:0,1.8665402130471045E11,1.1967126024780922E11,-2.0998844220550954E9,-11406.465506928644,22613.679074301603,753.9843582120413
0-zero-0_0:0:0,1.856685026849118E11,1.2162508211982887E11,-2.0347401735055752E9,-11603.038152150672,22489.245870036833,756.1997309378628
0-zero-0_0:0:0,1.8466600018856598E11,1.2356815296300006E11,-1.969404516752544E9,-11797.98981793092,22363.14580759298,758.3403880729791
0-zero-0_0:0:0,1.8364665386829675E11,1.255003287607761E11,-1.9038839072230384E9,-11991.30818591326,22235.402991629424,760.4065321949971
0-zero-0_0:0:0,1.8261060484103384E11,1.2742146757925287E11,-1.8381847828413906E9,-12182.981336991303,22106.04154721899,762.3983761518383
0-zero-0_0:0:0,1.815579952535178E11,1.2933142956893259E11,-1.7723135631418717E9,-12372.997748428706,21975.085612886232,764.3161428466478
0-zero-0_0:0:0,1.8048896824805356E11,1.3123007696588596E11,-1.7062766483999214E9,-12561.346290864685,21842.559333775513,766.1600650222671
0-zero-0_0:0:0,1.7940366792852286E11,1.3311727409232416E11,-1.6400804187819974E9,-12748.016225209016,21708.486854950286,767.9303850453935
0-zero-0_0:0:0,1.783022393266648E11,1.3499288735659186E11,-1.5737312335140755E9,-12932.997199430796,21572.892314824978,769.6273546905524
0-zero-0_0:0:0,1.7718482836863397E11,1.3685678525259274E11,-1.507235430068812E9,-13116.279245245181,21435.799838730538,771.2512349240072
0-zero-0_0:0:0,1.760515818418448E11,1.3870883835865906E11,-1.4405993233713777E9,-13297.852774702287,21297.23353261469,772.8022956877351
0-zero-0_0:0:0,1.749026473621105E11,1.4054891933587695E11,-1.3738292050239575E9,-13477.708576682408,21157.21747687771,774.2808156835943
0-zero-0_0:0:0,1.7373817334108514E11,1.4237690292587918E11,-1.306931342548895E9,-13655.83781330166,21015.775720344383,775.687082157812
0-zero-0_0:0:0,1.7255830895401587E11,1.4419266594811694E11,-1.23991197865046E9,-13832.23201623213,20872.93227437266,777.0213906859213
0-zero-0_0:0:0,1.7136320410781342E11,1.4599608729662274E11,-1.1727773304951963E9,-14006.883082940585,20728.711107099407,778.2840449582731
0-zero-0_0:0:0,1.7015300940944736E11,1.4778704793627612E11,-1.1055335890108016E9,-14179.78327284972,20583.136137823465,779.4753565662534
0-zero-0_0:0:0,1.6892787613467316E11,1.4956543089858408E11,-1.0381869182034773E9,-14350.925203425948,20436.23123152607,780.5956447893311
0-zero-0_0:0:0,1.6768795619709717E11,1.513311212769879E11,-9.70743454493679E8,-14520.301846197648,20288.020193528635,781.6452363830616
0-zero-0_0:0:0,1.664334021175857E11,1.530840062217088E11,-9.032093060701826E8,-14687.906522707768,20138.52676428769,782.6244653681698
0-zero-0_0:0:0,1.6516436699402374E11,1.5482397493414325E11,-8.355905522623727E8,-14853.73290040465,19987.774614326707,783.5336728208337
0-zero-0_0:0:0,1.6388100447142877E11,1.5655091866082108E11,-7.678932429306527E8,-15017.7749884749,19835.787339304366,784.3732066642862
0-zero-0_0:0:0,1.6258346871242453E11,1.5826473068693698E11,-7.001233978748584E8,-15180.02713362206,19682.588455218774,785.1434214618496
0-zero-0_0:0:0,1.612719143680796E11,1.599653063294679E11,-6.322870062605546E8,-15340.484015794847,19528.201393747,785.844678211514
0-zero-0_0:0:0,1.5994649654911493E11,1.6165254292988763E11,-5.643900260630797E8,-15499.14064386862,19372.649497719227,786.4773441421646
0-zero-0_0:0:0,1.5860737079748468E11,1.6332633984649057E11,-4.964383835291967E8,-15655.992351283725,19215.956016726675,787.0417925115614
0-zero-0_0:0:0,1.5725469305833377E11,1.6498659844633575E11,-4.284379726561978E8,-15811.0347916443,19058.144102862476,787.5384024061663
0-zero-0_0:0:0,1.558886196523357E11,1.6663322209682306E11,-3.60394654688305E8,-15964.263934281087,18899.236806594454,787.967558542909
0-zero-0_0:0:0,1.5450930724841382E11,1.682661161569128E11,-2.9231425763019764E8,-16115.676059781694,18739.25707276884,788.3296510729799
0-zero-0_0:0:0,1.531169128368487E11,1.6988518796800003E11,-2.2420257577749217E8,-16265.26775549174,18578.227736743793,788.6250753877262
0-zero-0_0:0:0,1.517115937027742E11,1.7149034684445468E11,-1.560653692639926E8,-16413.03591099023,18416.171520651547,788.85423192673
0-zero-0_0:0:0,1.5029350740006464E11,1.73081504063839E11,-8.790836362552314E7,-16558.977713542426,18253.111029787986,789.0175259881347
0-zero-0_0:0:0,1.4886281172561456E11,1.7465857285681268E11,-1.973724938014829E7,-16703.09064353342,18089.068749128357,789.1153675412838
0-zero-0_0:0:0,1.4741966469401328E11,1.7622146839673737E11,4.844231837541863E7,-16845.372469885555,17924.06703996779,789.1481710417295
0-zero-0_0:0:0,1.4596422451261517E11,1.7777010778899057E11,1.1662472035342406E8,-16985.821245462757,17758.12813668527,789.1163552486629
0-zero-0_0:0:0,1.444966495570072E11,1.7930441006000018E11,1.8480437344690853E8,-17124.43530246473,17591.274143629613,789.0203430448133
0-zero-0_0:0:0,1.4301709834687424E11,1.808242961460098E11,2.5297573108598042E8,-17261.21324781393,17423.527032126018,788.8605612588563
0-zero-0_0:0:0,1.4152572952226312E11,1.8232968888158548E11,3.211332835787456E8,-17396.153958538125,17254.90863760168,788.6374404903672
0-zero-0_0:0:0,1.4002270182024542E11,1.8382051298787427E11,3.8927155843711334E8,-17529.256577151325,17085.44065682891,788.3514149373527
0-zero-0_0:0:0,1.3850817405197955E11,1.852966950606243E11,4.573851206877006E8,-17660.52050703563,16915.144645284225,788.0029222263834
0-zero-0_0:0:0,1.3698230508017168E11,1.8675816355797687E11,5.254685731680602E8,-17789.945407826675,16744.042014621762,787.5924032453521
0-zero-0_0:0:0,1.3544525379693546E11,1.882048487880402E11,5.935165568084586E8,-17917.531190805053,16572.154030259397,787.120301978875
0-zero-0_0:0:0,1.338971791020499E11,1.896366828962546E11,6.615237508994334E8,-18043.27801429621,16399.501809075868,786.5870653463478
0-zero-0_0:0:0,1.323382398816147E11,1.9105359985255878E11,7.294848733453578E8,-18167.18627908106,16226.106317217213,785.9931430426685
0-zero-0_0:0:0,1.307685949871021E11,1.9245553543836633E11,7.973946809042443E8,-18289.25662381956,16051.98836801076,785.3389873816341
0-zero-0_0:0:0,1.291884032148041E11,1.9384242723336246E11,8.652479694140174E8,-18409.48992048949,15877.168619984917,784.6250531420144
0-zero-0_0:0:0,1.275978232856738E11,1.9521421460212915E11,9.330395740054874E8,-18527.887269842387,15701.66757499294,783.8517974163083
0-zero-0_0:0:0,1.2599701382555942E11,1.9657083868060855E11,1.0007643693022565E9,-18644.449996878782,15525.505576438867,783.0196794621821
0-zero-0_0:0:0,1.2438613334582909E11,1.9791224236241287E11,1.068417269607789E9,-18759.179646344593,15348.702807603779,782.1291605565926
0-zero-0_0:0:0,1.2276534022438492E11,1.9923837028498984E11,1.1359932290798786E9,-18872.077978250618,15171.27929007051,781.1807038525953
0-zero-0_0:0:0,1.2113479268706407E11,2.0054916881565192E11,1.2034872418927429E9,-18983.146963416893,14993.254882244955,780.1747742388409
0-zero-0_0:0:0,1.1949464878942485E11,2.0184458603747787E11,1.2708943423869786E9,-19092.38877904371,14814.649277972107,779.1118382017623
0-zero-0_0:0:0,1.1784506639891547E11,2.0312457173509467E11,1.3382096052076108E9,-19199.80580431096,14635.48200524494,777.9923636904575
0-zero-0_0:0:0,1.16186203177423E11,2.0438907738034784E11,1.4054281454304664E9,-19305.400616007424,14455.772425004314,776.8168199842717
0-zero-0_0:0:0,1.1451821656419997E11,2.0563805611786823E11,1.4725451186771076E9,-19409.175984191592,14275.539730028055,775.5856775630858
0-zero-0_0:0:0,1.1284126375916582E11,2.0687146275054266E11,1.539555721218558E9,-19511.134867885434,14094.802943907403,774.2994079803158
0-zero-0_0:0:0,1.1115550170658052E11,2.0808925372489627E11,1.6064551900680573E9,-19611.28041080256,13913.58092010905,772.9584837386249
0-zero-0_0:0:0,1.0946108707908717E11,2.092913871163937E11,1.6732388030630746E9,-19709.61593711206,13731.89234112099,771.5633781683508
0-zero-0_0:0:0,1.077581762621207E11,2.1047782261466656E11,1.73990187893682E9,-19806.144947239252,13549.755717680466,770.1145653086423
0-zero-0_0:0:0,1.0604692533867923E11,2.1164852150867416E11,1.8064397773794868E9,-19900.871113704456,13367.189388082246,768.612519791297
0-zero-0_0:0:0,1.0432749007445517E11,2.1280344667180447E11,1.872847899089455E9,-19993.798277000813,13184.211517565542,767.0577167272855
0-zero-0_0:0:0,1.026000259033223E11,2.1394256254692215E11,1.9391216858146923E9,-20084.93044151217,13000.840097777795,765.4506315959413
0-zero-0_0:0:0,1.0086468791317564E11,2.1506583513137015E11,2.0052566203845816E9,-20174.271771471802,12817.09294631363,763.7917401367898
0-zero-0_0:0:0,9.912163083212048E10,2.1617323196193164E11,2.0712482267324002E9,-20261.826586962863,12632.987706327194,762.0815182439859
0-zero-0_0:0:0,9.73710090150069E10,2.172647220997583E11,2.1370920699086804E9,-20347.599359961237,12448.5418462161,760.320441863326
0-zero-0_0:0:0,9.561297643030624E10,2.1834027611527136E11,2.202783756085672E9,-20431.59471042151,12263.772659375196,758.5089868917972
0-zero-0_0:0:0,9.384768664732582E10,2.1939986607304138E11,2.268318932553123E9,-20513.817402406683,12078.697264018341,756.6476290796264
0-zero-0_0:0:0,9.207529282375789E10,2.2044346551665256E11,2.3336932877056026E9,-20594.27234026226,11893.332603066361,754.7368439347916
0-zero-0_0:0:0,9.029594769355923E10,2.214710494535575E11,2.398902551021569E9,-20672.96456483522,11707.69544409936,752.7771066299598
0-zero-0_0:0:0,8.850980355515747E10,2.2248259433992767E11,2.463942493034397E9,-20749.899249738453,11521.80237937157,750.7688919118168
0-zero-0_0:0:0,8.671701225998007E10,2.2347807806550537E11,2.528808925295578E9,-20825.081697661175,11335.66982588692,748.7126740127574
0-zero-0_0:0:0,8.491772520130214E10,2.24457479938462E11,2.5934977003302803E9,-20898.51733672576,11149.314025533538,746.608926564905
0-zero-0_0:0:0,8.311209330340903E10,2.254207806702681E11,2.6580047115854883E9,-20970.211716891452,10962.7510452754,744.4581225164344
0-zero-0_0:0:0,8.130026701106961E10,2.263679623605799E11,2.7223258933709083E9,-21040.17050640537,10775.996777399383,742.2607340501697
0-zero-0_0:0:0,7.94823962793162E10,2.2729900848214722E11,2.786457220792843E9,-21108.399488301173,10589.066939816015,740.0172325044337
0-zero-0_0:0:0,7.765863056352698E10,2.282139038657473E11,2.850394709681226E9,-21174.904556945712,10401.97707641221,737.7280882961231
0-zero-0_0:0:0,7.582911880980687E10,2.2911263468514932E11,2.9141344165100107E9,-21239.691714633995,10214.742557454338,735.3937708459878
0-zero-0_0:0:0,7.399400944566249E10,2.2999518844211337E11,2.9776724383111043E9,-21302.767068232653,10027.378580040016,733.0147485060869
0-zero-0_0:0:0,7.21534503709672E10,2.3086155395142883E11,3.0410049125820303E9,-21364.13682587222,9839.900168596992,730.5914884894003
0-zero-0_0:0:0,7.030758894921184E10,2.317117213259956E11,3.1041280171875143E9,-21423.807293688307,9652.322175427573,728.1244568015687
0-zero-0_0:0:0,6.845657199903717E10,2.3254568196195255E11,3.16703797025517E9,-21481.784872611857,9464.659281297038,725.614118174738
0-zero-0_0:0:0,6.66005457860435E10,2.333634285238566E11,3.2297310300654674E9,-21538.076055208578,9276.925996064532,723.0609360034802
0-zero-0_0:0:0,6.473965601487348E10,2.3416495492991656E11,3.292203494936168E9,-21592.6874225676,9089.136659354945,720.4653722827652
0-zero-0_0:0:0,6.2874047821563644E10,2.3495025633728482E11,3.354451703101399E9,-21645.625641239385,8901.305441270304,717.8278875479557
0-zero-0_0:0:0,6.100386576616056E10,2.3571932912741058E11,3.416472032585542E9,-21696.897460222903,8713.446343139252,715.1489408167946
0-zero-0_0:0:0,5.9129253825597305E10,2.3647217089145782E11,3.478260901072113E9,-21746.50970800199,8525.573198303191,712.4289895333588
0-zero-0_0:0:0,5.7250355386825935E10,2.3720878041579123E11,3.539814765767795E9,-21794.46928963089,8337.699672937692,709.6684895139482
0-zero-0_0:0:0,5.536731324020183E10,2.3792915766753305E11,3.6011301232618003E9,-21840.783183868803,8149.83926690782,706.8678948948794
0-zero-0_0:0:0,5.348026957311556E10,2.3863330378019388E11,3.6622035093807178E9,-21885.458440363385,7962.005314656022,704.0276580821552
0-zero-0_0:0:0,5.1589365963868164E10,2.3932122103938016E11,3.723031499039016E9,-21928.50217688301,7774.21098612126,701.148229702978
0-zero-0_0:0:0,4.969474337578547E10,2.3999291286858102E11,3.783610706085353E9,-21969.92157659761,7586.469287688103,698.2300585590767
0-zero-0_0:0:0,4.779654215156744E10,2.4064838381503726E11,3.843937783144857E9,-22009.72388540796,7398.793063164501,695.2735915818162
0-zero-0_0:0:0,4.589490200786819E10,2.4128763953569467E11,3.9040094214575257E9,-22047.91640932308,7211.19499478701,692.2792737890571
0-zero-0_0:0:0,4.398996203010268E10,2.4191068678324426E11,3.9638223507129E9,-22084.506511885644,7023.6876042522235,689.2475482437371
0-zero-0_0:0:0,4.208186066747575E10,2.4251753339225165E11,4.023373338881159E9,-22119.50161164501,6836.283253773249,686.1788560141392
0-zero-0_0:0:0,4.017073572822962E10,2.4310818826537766E11,4.0826591920407805E9,-22152.909179677685,6648.994147160034,683.0736361358184
0-zero-0_0:0:0,3.825672437510547E10,2.436826613596923E11,4.141676754202915E9,-22184.73673715488,6461.832330922406,679.932325575155
0-zero-0_0:0:0,3.633996312101529E10,2.4424096367308398E11,4.2004229071326084E9,-22214.99185295685,6274.809695394704,676.7553591945024
0-zero-0_0:0:0,3.4420587824919815E10,2.4478310723076608E11,4.2588945701670136E9,-22243.682141333702,6087.937975880913,673.5431697188998
0-zero-0_0:0:0,3.2498733687908585E10,2.453091050718822E11,4.317088700030726E9,-22270.815259612315,5901.228753819214,670.2961877043188
0-zero-0_0:0:0,3.057453524947808E10,2.458189712362122E11,4.375002290648379E9,-22296.39890594901,5714.693457964926,667.014841507412
0-zero-0_0:0:0,2.8648126384004086E10,2.4631272075098035E11,4.432632372954619E9,-22320.4408171276,5528.343365590794,663.6995572567357
0-zero-0_0:0:0,2.6719640297404263E10,2.467903696177674E11,4.489976014701601E9,-22342.948766402456,5342.1896037036395,660.3507588254131
0-zero-0_0:0:0,2.478920952398709E10,2.4725193479952737E11,4.547030320264116E9,-22363.93056138614,5156.243150276403,656.9688678052115
0-zero-0_0:0:0,2.285696592348333E10,2.4769743420771124E11,4.603792430442487E9,-22383.39404198126,4970.514835494614,653.554303482001
0-zero-0_0:0:0,2.092304067825615E10,2.48126886689498E11,4.660259522263331E9,-22401.347078356088,4785.0153430163755,650.1074828125669
0-zero-0_0:0:0,1.8987564290686184E10,2.485403120151346E11,4.7164288087783375E9,-22417.797568963506,4599.755211244956,646.628820402745
0-zero-0_0:0:0,1.7050666580727737E10,2.4893773086538617E11,4.772297538861135E9,-22432.753438602875,4414.744834613107,643.1187284868524
0-zero-0_0:0:0,1.511247668363245E10,2.4931916481909674E11,4.8278629970023985E9,-22446.222636524362,4229.994464878259,639.5776169083844
0-zero-0_0:0:0,1.3173123047836746E10,2.496846363408622E11,4.883122503103283E9,-22458.213134575264,4045.5142124277536,636.0058931019474
0-zero-0_0:0:0,1.1232733433009443E10,2.5003416876881598E11,4.938073412267291E9,-22468.732925387885,3861.3140475933005,632.4039620764036
0-zero-0_0:0:0,9.29143490825593E9,2.5036778630252805E11,4.9927131145906925E9,-22477.790020608478,3677.403801973884,628.7722263991946
0-zero-0_0:0:0,7.349353850475357E9,2.506855139910186E11,5.047039034951583E9,-22485.3924491668,3493.793169766337,625.1110861818212
0-zero-0_0:0:0,5.406615942867346E9,2.5098737772088638E11,5.101048632797692E9,-22491.54825558578,3310.491709102846,621.4209390664483
0-zero-0_0:0:0,3.463346173584734E9,2.5127340420455286E11,5.154739401933033E9,-22496.265498330846,3127.508843394665,617.7021802136107
0-zero-0_0:0:0,1.5196688345289488E9,2.5154362096862216E11,5.208108870303489E9,-22499.55224819836,2944.8538626813315,613.9552022909915
0-zero-0_0:0:0,-4.242924797153895E8,2.5179805634235782E11,5.26115459978143E9,-22501.416586742762,2762.535924984707,610.1803954632475
0-zero-0_0:0:0,-2.368414872809964E9,2.520367394462765E11,5.313874185949455E9,-22501.866604741826,2580.5640576671776,606.3781473828565
0-zero-0_0:0:0,-4.312576147459658E9,2.5225970018085895E11,5.366265257883334E9,-22500.910400699617,2398.947158793378,602.548843181959
0-zero-0_0:0:0,-6.256654806080105E9,2.524669692153787E11,5.418325477934256E9,-22498.55607938658,2217.693998494815,598.6928654651714
0-zero-0_0:0:0,-8.200530051339106E9,2.5265857797684863E11,5.470052541510447E9,-22494.811750416302,2036.8132203367888,594.8105943033436
0-zero-0_0:0:0,-1.0144081786575073E10,2.5283455863908572E11,5.521444176858255E9,-22489.68552685841,1856.3133426870345,590.9024072282386
0-zero-0_0:0:0,-1.208719061609564E10,2.529949441118939E11,5.572498144842775E9,-22483.185523887136,1676.2027600855106,586.9686792281084
0-zero-0_0:0:0,-1.402973784535949E10,2.5313976803036526E11,5.623212238728084E9,-22475.319857464994,1496.4897446147995,583.0097827441429
0-zero-0_0:0:0,-1.5971605481044464E10,2.532690647443E11,5.673584283957177E9,-22466.096643061108,1317.182447270587,579.0260876677689
0-zero-0_0:0:0,-1.7912676231004944E10,2.5338286930774417E11,5.723612137931672E9,-22455.523994403644,1138.2888993317126,575.0179613387758
0-zero-0_0:0:0,-1.9852833504121418E10,2.5348121746864642E11,5.773293689791343E9,-22443.610022265864,959.8170137292996,570.9857685442443
0-zero-0_0:0:0,-2.179196141004519E10,2.5356414565863263E11,5.822626860193565E9,-22430.362833285286,781.7745864144892,566.9298715182582
0-zero-0_0:0:0,-2.3729944758841038E10,2.5363169098289883E11,5.871609601092743E9,-22415.790528815443,604.169297724321,562.8506299423748
0-zero-0_0:0:0,-2.5666669060530693E10,2.5368389121022223E11,5.920239895519764E9,-22399.901203809743,427.0087137453175,558.7484009468334
0-zero-0_0:0:0,-2.7602020524539856E10,2.537207847630898E11,5.96851575736157E9,-22382.702945736906,250.30028767434806,554.6235391124818
0-zero-0_0:0:0,-2.9535886059051525E10,2.537424107079449E11,6.016435231140889E9,-22364.203833527507,74.05136117636096,550.4763964733976
0-zero-0_0:0:0,-3.1468153270268303E10,2.5374880874555054E11,6.06399639179619E9,-22344.411936551085,-101.73083426141014,546.3073225201856
0-zero-0_0:0:0,-3.3398710461586315E10,2.5374001920147034E11,6.111197344461934E9,-22323.33531362338,-277.0391759791455,542.1166642039311
0-zero-0_0:0:0,-3.532744663268337E10,2.5371608301666574E11,6.158036224249154E9,-22300.982012043132,-451.86664879840873,537.904765940788
0-zero-0_0:0:0,-3.7254251478523895E10,2.5367704173820956E11,6.204511196026438E9,-22277.36006665799,-626.2063436807376,533.6719696171843
0-zero-0_0:0:0,-3.917901538828314E10,2.5362293751011554E11,6.250620454201363E9,-22252.477498959062,-800.0514563911923,529.4186145956243
0-zero-0_0:0:0,-4.110162944419321E10,2.5355381306428336E11,6.296362222502424E9,-22226.342316203543,-973.3952861671842,525.1450377210691
0-zero-0_0:0:0,-4.3021985420313194E10,2.534697117115585E11,6.341734753761524E9,-22198.96251056504,-1146.2312343928938,520.851573327879
0-zero-0_0:0:0,-4.493997578122601E10,2.5337067733290695E11,6.386736329697053E9,-22170.34605831103,-1318.5528032795771,516.5385532472966
0-zero-0_0:0:0,-4.6855493680664085E10,2.5325675437070358E11,6.431365260697619E9,-22140.500919007005,-1490.353594552038,512.2063068154557
0-zero-0_0:0:0,-4.876843296006629E10,2.5312798782013428E11,6.475619885606475E9,-22109.435034746843,-1661.6273081415463,507.8551608818979
0-zero-0_0:0:0,-5.067868814706842E10,2.5298442322071085E11,6.519498571506671E9,-22077.156329408932,-1832.3677408854535,503.48543981857955
0-zero-0_0:0:0,-5.258615445392935E10,2.5282610664789835E11,6.562999713506996E9,-22043.672707937563,-2002.5687852337558,499.097465529353
0-zero-0_0:0:0,-5.449072777589516E10,2.5265308470485416E11,6.606121734528732E9,-22008.99205564915,-2172.224427962842,494.69155745990594
0-zero-0_0:0:0,-5.639230468950324E10,2.5246540451427817E11,6.648863085093268E9,-21973.122237562824,-2341.328748896649,490.268032608143
0-zero-0_0:0:0,-5.8290782450828674E10,2.522631137103735E11,6.691222243110612E9,-21936.071097754942,-2509.8759196354385,485.8272055349938
0-zero-0_0:0:0,-6.01860589936747E10,2.52046260430917E11,6.733197713668836E9,-21897.846458737047,-2677.8602022923988,481.36938837563235
0-zero-0_0:0:0,-6.207803292770958E10,2.5181489330943893E11,6.774788028824491E9,-21858.456120856885,-2845.275948238264,476.89489085109324
0-zero-0_0:0:0,-6.396660353655161E10,2.5156906146751114E11,6.815991747394025E9,-21817.907861721993,-3012.117596854134,472.40402028026983
