Name=mercury
Mass=3.302E23
Radius=2440000.0
Image_Path=/src/main/java/misc/mercuryScaled.png
Icon_Path=/src/main/java/misc/mercuryIcon.png
Start_Time=2021-04-01T00:00
End_Time=2021-04-01T00:00
No_of_Steps=367
$SOE
2021-04-01T00:00,6047855.986424127,-6.801800047868888E10,-5.702742359714534E9,38925.85189044652,2978.342247012996,-3327.96415141474
2021-04-01T00:00,3.3692414593210034E9,-6.776067170854696E10,-5.990278462396768E9,38902.23286393709,5355.258621693343,-3131.5665016257567
2021-04-01T00:00,6.730394378765168E9,-6.729797736363265E10,-6.260845808137233E9,38762.169886510135,7735.363918449202,-2924.226339877027
2021-04-01T00:00,1.0079445856959644E10,-6.662964192107864E10,-6.513498963902608E9,38504.10407660258,10115.594745234794,-2706.0509914195013
2021-04-01T00:00,1.3406200449178108E10,-6.5755654535090355E10,-6.747301769561253E9,38126.22302550275,12492.610271527345,-2477.147195197954
2021-04-01T00:00,1.6700306118581547E10,-6.4676293007630394E10,-6.961327287226356E9,37626.48510840865,14862.742534125013,-2237.6273947482414
2021-04-01T00:00,1.9951234431948055E10,-6.339215205268199E10,-7.154658294132604E9,37002.64810181174,17221.944788365596,-1987.6165838485622
2021-04-01T00:00,2.3148263227944588E10,-6.19041760229672E10,-7.326388366977119E9,36252.30324777979,19565.737876900264,-1727.2598138313629
2021-04-01T00:00,2.628046222855276E10,-6.0213696270403015E10,-7.475623614892149E9,35372.91604388553,21889.154774971103,-1456.730466872279
2021-04-01T00:00,2.9336682174744473E10,-5.832247329784551E10,-7.601485127229914E9,34361.87517770748,24186.683704481387,-1176.2393933643912
2021-04-01T00:00,3.23055481900984E10,-5.623274382577832E10,-7.703112210816597E9,33216.55115797738,26452.210500079214,-886.0449999269349
2021-04-01T00:00,3.5175458210147644E10,-5.394727283857147E10,-7.779666498810285E9,31934.366307339445,28678.96127030465,-586.4643555501323
2021-04-01T00:00,3.7934587459101776E10,-5.1469410584817154E10,-7.830337019129816E9,30512.877855786246,30859.446836256124,-277.8853542694035
2021-04-01T00:00,4.0570900105841705E10,-4.880315437816463E10,-7.854346313738692E9,28949.87588413359,32985.410957845634,39.220069407012886
2021-04-01T00:00,4.307216938223085E10,-4.595321487140676E10,-7.850957699741926E9,27243.49778081789,35047.78497799572,364.2817346756457
2021-04-01T00:00,4.5426007590493515E10,-4.292508624930793E10,-7.819483757865951E9,25392.360651971725,37036.6522253629,696.6161591023979
2021-04-01T00:00,4.7619907550823875E10,-3.9725119497036575E10,-7.759296121719503E9,23395.712714979636,38941.22630243017,1035.4108964932504
2021-04-01T00:00,4.964129712939812E10,-3.636059754450661E10,-7.669836620262486E9,21253.60405334772,40749.848217912324,1379.7086385295338
2021-04-01T00:00,5.147760851960736E10,-3.283981065847898E10,-7.550629793893535E9,18967.076155858536,42450.00814800979,1728.3916057827175
2021-04-01T00:00,5.311636389947354E10,-2.9172129954490936E10,-7.401296759153908E9,16538.36834829513,44028.39834937373,2080.1669346576214
2021-04-01T00:00,5.454527892476624E10,-2.5368076337105045E10,-7.221570335999489E9,13971.137506786494,45471.00428305167,2433.553968357472
2021-04-01T00:00,5.575238520535259E10,-2.143938156704938E10,-7.011311273133403E9,11270.685300558414,46763.241191588226,2786.8745713377134
2021-04-01T00:00,5.672617241532084E10,-1.7399037528096157E10,-6.770525310169825E9,8444.184677575568,47890.143014339636,3138.2477900154345
2021-04-01T00:00,5.745574997146337E10,-1.3261329171657213E10,-6.499380701112491E9,5500.894477637545,48836.60941768929,3485.5903514398447
2021-04-01T00:00,5.793102725433125E10,-9.041846117968859E9,-6.198225694748088E9,2452.3481253712957,49587.71464328259,3826.624591163519
2021-04-01T00:00,5.8142910132363335E10,-4.757467572789243E9,-5.86760533007156E9,-687.5003763265154,50129.078658638704,4158.895389141395
2021-04-01T00:00,5.8083510099848724E10,-4.2631517668285847E8,-5.508276768449743E9,-3902.192041858715,50447.296636549065,4479.797521764811
2021-04-01T00:00,5.774636070743213E10,3.932331252714981E9,-5.121222262569263E9,-7172.759942032502,50530.417148484856,4786.614465698833
2021-04-01T00:00,5.712663424844052E10,8.298159294344072E9,-4.707658772732884E9,-10477.826786888638,50368.45290478489,5076.569084560939
2021-04-01T00:00,5.6221350014053345E10,1.2649993625317486E10,-4.2690432038268194E9,-13793.81914283568,49953.90094973271,5346.885787548339
2021-04-01T00:00,5.502956404011234E10,1.6966010667374393E10,-3.807072271782643E9,-17095.308739940865,49282.24274142668,5594.862702859336
2021-04-01T00:00,5.355252936498145E10,2.1223996440233658E10,-3.323676134255596E9,-20355.483010008993,48352.38956202422,5817.951238672044
2021-04-01T00:00,5.179381563291668E10,2.540164289839255E10,-2.8210051472343316E9,-23546.73639565587,47167.036357957746,6013.839240321592
2021-04-01T00:00,4.9759377608332016E10,2.94768748397201E10,-2.301409436870546E9,-26641.362008080003,45732.88843242733,6180.532963031957
2021-04-01T00:00,4.74575639308339E10,3.3428196400281822E10,-1.767411388864585E9,-29612.31130718161,44060.73105970366,6316.432449012388
2021-04-01T00:00,4.489906023389341E10,3.723504356384022E10,-1.2216716252699146E9,-32433.979380227684,42165.32209484395,6420.394788927655
2021-04-01T00:00,4.2096764415441734E10,4.087812739283473E10,-6.669495155065652E8,-35082.9668766704,40065.10126459376,6491.780262089173
2021-04-01T00:00,3.906559607729741E10,4.4339752142095634E10,-1.0605970086206067E8,-37538.76813088338,37781.72552369564,6530.4774925369875
2021-04-01T00:00,3.5822246510789085E10,4.760409322734294E10,4.581735544931351E8,-39784.33916347506,35339.45556037358,6536.905422579842
2021-04-01T00:00,3.2384879607064842E10,5.065742218775922E10,1.0229621830040334E9,-41806.508833992695,32764.43197211659,6511.9918824011975
2021-04-01T00:00,2.8772797243807873E10,5.348826911015009E10,1.585598281643497E9,-43596.210195230924,30083.88883601541,6457.130550228344
2021-04-01T00:00,2.5006084682939922E10,5.6087517105581825E10,2.1434943611832259E9,-45148.52510509442,27325.356108989323,6374.119869084157
2021-04-01T00:00,2.1105252113859764E10,5.8448427873398506E10,2.694218317872097E9,-46462.551091802074,24515.900221671454,6265.088779090416
2021-04-01T00:00,1.7090887699528065E10,6.056660165255092E10,3.235521988385509E9,-47541.1131984239,21681.4450654751,6132.4147983952535
2021-04-01T00:00,1.298333551918424E10,6.243987850620797E10,3.765362626966859E9,-48390.35346922421,18846.204768741965,5978.640014496517
2021-04-01T00:00,8.802408979443268E9,6.406819059822727E10,4.281917124219358E9,-49019.236096106186,16032.24706357257,5806.390009904314
2021-04-01T00:00,4.567146980739693E9,6.545337674451994E10,4.78358922107509E9,-49439.00705586087,13259.193501168345,5618.299795600346
2021-04-01T00:00,2.956167711133132E8,6.659897106302089E10,5.26901032341496E9,-49662.64404485067,10544.051783535004,5416.949650297478
2021-04-01T00:00,-3.9952356743617845E9,6.750997713711832E10,5.737034773200662E9,-49704.32677225697,7901.167016277266,5204.812544882767
2021-04-01T00:00,-8.289689507484787E9,6.819263796732467E10,6.186730577078533E9,-49578.95044717009,5342.273152728207,4984.213716320786
2021-04-01T00:00,-1.2573310826120283E10,6.865421036772038E10,6.617366642168649E9,-49301.6977223555,2876.623204128761,4757.302040378136
2021-04-01T00:00,-1.6832977509331799E10,6.890275061255711E10,7.028397538457319E9,-48887.67731729814,511.17650161280517,4526.032183088135
2021-04-01T00:00,-2.1056872829546356E10,6.894691626229646E10,7.419446719076134E9,-48351.63160149864,-1749.1771966471824,4292.156089017816
2021-04-01T00:00,-2.523445379991584E10,6.879578735250615E10,7.790289005167273E9,-47707.710844554225,-3901.3743004462153,4057.222162073642
2021-04-01T00:00,-2.9356400016885326E10,6.845870861294759E10,8.140832999970435E9,-46969.30866189397,-5943.929000009064,3822.5804671849623
2021-04-01T00:00,-3.3414548285272964E10,6.794515314734681E10,8.471103952335216E9,-46148.95127081774,-7876.690864816,3589.392379054929
2021-04-01T00:00,-3.740181767507162E10,6.726460705662671E10,8.781227453885561E9,-45258.23229772083,-9700.616257654405,3358.6432806022563
2021-04-01T00:00,-4.1312128945594696E10,6.642647381196537E10,9.071414233329596E9,-44307.78479046661,-11417.558651749818,3131.1571297246205
2021-04-01T00:00,-4.514032155149101E10,6.5439996744454185E10,9.341946209337803E9,-43307.282546395945,-13030.080685221637,2907.611939046557
2021-04-01T00:00,-4.888207076349962E10,6.431419777325104E10,9.593163880871426E9,-42265.46365683068,-14541.289033415533,2688.555429121122
2021-04-01T00:00,-5.253380682344979E10,6.305783040076394E10,9.82545506994749E9,-41190.17012729094,-15954.69188951442,2474.420308893413
2021-04-01T00:00,-5.609263752244773E10,6.1679345021509895E10,1.0039244984635881E10,-40088.39843751266,-17274.077954164248,2265.538802113439
2021-04-01T00:00,-5.955627514744882E10,6.01868646862701E10,1.0234987537138483E10,-38966.356874730554,-18503.415272318955,2062.1561732780765
2021-04-01T00:00,-6.2922968381425545E10,5.8588169606741745E10,1.0413157830509708E10,-37829.52635773998,-19646.767947364628,1864.4431129592215
2021-04-01T00:00,-6.6191439458734276E10,5.689068885608944E10,1.0574245715469385E10,-36682.72224245132,-20708.228643069873,1672.5069230700392
2021-04-01T00:00,-6.936082666048207E10,5.51014979013282E10,1.0718750313622637E10,-35530.15525366094,-21691.864797305625,1486.4015015216419
2021-04-01T00:00,-7.243063207439838E10,5.3227320782840996E10,1.0847175403354107E10,-34375.49022549442,-22601.67657289231,1306.1361667637805
2021-04-01T00:00,-7.540067442988109E10,5.12745359269431E10,1.0960025568162498E10,-33221.901764022296,-23441.564725740067,1131.6833895945765
2021-04-01T00:00,-7.827104674229262E10,4.924918473463916E10,1.105780301302347E10,-32072.126282870373,-24215.30675301299,962.9855156499382
2021-04-01T00:00,-8.104207845313261E10,4.715698223117884E10,1.1141004961575624E10,-30928.510120326006,-24926.53987617861,799.9605699214532
2021-04-01T00:00,-8.371430172752878E10,4.500332918587701E10,1.1210121554816837E10,-29793.053638249003,-25578.74960320275,642.5072367701148
2021-04-01T00:00,-8.628842156187349E10,4.2793325220160286E10,1.1265634180073774E10,-28667.4513416632,-26175.262793018017,490.50910699844326
2021-04-01T00:00,-8.876528935779318E10,4.053178251484353E10,1.130801416691844E10,-27553.128154327667,-26719.244309243226,343.8382789999576
2021-04-01T00:00,-9.114587963032709E10,3.822323980652492E10,1.1337721794224035E10,-26451.272049296764,-27213.696496823453,202.35839486241608
2021-04-01T00:00,-9.343126953538632E10,3.587197642919937E10,1.1355205559540148E10,-25362.86327229038,-27661.460844263995,65.92718532015621
2021-04-01T00:00,-9.562262092211221E10,3.3482026212254963E10,1.1360901668351809E10,-24288.700415947398,-28065.221305954332,-65.6014098289443
2021-04-01T00:00,-9.772116463805006E10,3.105719109142051E10,1.1355233706542587E10,-23229.42360977233,-28427.508854859505,-192.37548643510252
2021-04-01T00:00,-9.972818683793439E10,2.860105432636065E10,1.1338612464514595E10,-22185.535087756198,-28750.70691707248,-314.5437333261343
2021-04-01T00:00,-1.0164501706951653E11,2.6116993248725586E10,1.1311435885955217E10,-21157.41738630091,-29037.057407987784,-432.2542561803908
2021-04-01T00:00,-1.0347301793169292E11,2.360819148867544E10,1.1274089118221231E10,-20145.349411506642,-29288.66714679581,-545.6536277662526
2021-04-01T00:00,-1.0521357612084709E11,2.1077650647192284E10,1.1226944644782227E10,-19149.520598813004,-29507.514473156243,-654.8861296989537
2021-04-01T00:00,-1.0686809470058453E11,1.8528201396711586E10,1.1170362483176237E10,-18170.04337067296,-29695.455928713567,-760.0931556244925
2021-04-01T00:00,-1.0843798644781068E11,1.5962514004470734E10,1.1104690434530281E10,-17206.964080281712,-29854.232897849255,-861.4127499530501
2021-04-01T00:00,-1.0992466814434703E11,1.3383108282096558E10,1.1030264372934338E10,-16260.272612004772,-29985.47812785392,-958.979259965817
2021-04-01T00:00,-1.1132955569802425E11,1.079236297184998E10,1.0947408564873291E10,-15329.910792467099,-30090.722069531843,-1052.92308235151
2021-04-01T00:00,-1.1265405999049341E11,8.192524585042428E9,1.085643601055812E10,-14415.779750540925,-30171.39899596408,-1143.3704880370726
2021-04-01T00:00,-1.1389958336094014E11,5.585715711791132E9,1.0757648800391718E10,-13517.746349853496,-30228.852870473896,-1230.4435116061243
2021-04-01T00:00,-1.1506751664556747E11,2.9739428237821875E9,1.0651338480988949E10,-12635.648803995633,-30264.342945367225,-1314.2598936920178
2021-04-01T00:00,-1.161592367022327E11,3.5910359330245924E8,1.0537786426173958E10,-11769.30157235898,-30279.049081270117,-1394.9330665304883
2021-04-01T00:00,-1.1717610435808452E11,-2.2570062473192787E9,1.0417264209225723E10,-10918.499623436237,-30274.076783280536,-1472.5721743971148
2021-04-01T00:00,-1.1811946272554941E11,-4.872686481394717E9,1.0290033973357813E10,-10083.022142431373,-30250.461955045394,-1547.2821219708878
2021-04-01T00:00,-1.1899063583865547E11,-7.486326394310639E9,1.0156348798019527E10,-9262.63575107679,-30209.17537555759,-1619.1636447872042
2021-04-01T00:00,-1.1979092756754851E11,-1.0096399146758816E10,1.0016453059109913E10,-8457.09729956466,-30151.1269061813,-1688.3133968982945
2021-04-01T00:00,-1.205216207742309E11,-1.270145651145288E10,9.8705827816179E9,-7666.1562833895505,-30077.16943735405,-1754.8240516698588
2021-04-01T00:00,-1.2118397667711575E11,-1.5300123950840271E10,9.718965983553625E9,-6889.556931588852,-29988.102585741322,-1818.7844123300579
2021-04-01T00:00,-1.2177923439600504E11,-1.789109601424832E10,9.561823010328308E9,-6127.040007278695,-29884.676153464836,-1880.2795294687544
2021-04-01T00:00,-1.2230861065263391E11,-2.0473132033907684E10,9.399366858982208E9,-5378.344356442436,-29767.593361494768,-1939.3908231764685
2021-04-01T00:00,-1.2277329960503053E11,-2.304505210034083E10,9.231803491859762E9,-4643.208236567889,-29637.513869475155,-1996.1962079271777
2021-04-01T00:00,-1.2317447279667E11,-2.5605733298663486E10,9.059332139494854E9,-3921.370452884925,-29495.056594209298,-2050.7702186582983
2021-04-01T00:00,-1.2351327920379926E11,-2.8154106188403168E10,8.882145592602777E9,-3212.5713265693475,-29340.802338823592,-2103.184136794745
2021-04-01T00:00,-1.2379084536641484E11,-3.0689151510477528E10,8.700430483183712E9,-2516.5535162997203,-29175.296244297933,-2153.5061152102758
2021-04-01T00:00,-1.2400827559022313E11,-3.320989710598487E10,8.514367554829544E9,-1833.0627119341293,-28999.050074633917,-2201.8013013255713
2021-04-01T00:00,-1.2416665220853424E11,-3.571541503243324E10,8.324131922395015E9,-1161.8482167715415,-28812.54434645588,-2248.1319577147915
2021-04-01T00:00,-1.242670358944633E11,-3.820481886396703E10,8.129893321248457E9,-502.66343283993467,-28616.230313326425,-2292.5575797359297
2021-04-01T00:00,-1.2431046601506067E11,-4.067726116303844E10,7.931816346359273E9,144.73373812273167,-28410.53181452402,-2335.13500981958
2021-04-01T00:00,-1.2429796102008687E11,-4.313193111181331E10,7.730060681510861E9,780.5805668879118,-28195.84699748889,-2375.9185481495174
2021-04-01T00:00,-1.2423051885910776E11,-4.556805229239635E10,7.524781318950743E9,1405.1092324181645,-27972.549922604107,-2414.960059550006
2021-04-01T00:00,-1.2410911742142683E11,-4.798488060570934E10,7.316128769805622E9,2018.5466124743264,-27740.99205844953,-2452.309076461671
2021-04-01T00:00,-1.2393471499410905E11,-5.038170231955938E10,7.104249265599334E9,2621.114121665542,-27501.50367515185,-2488.012897942459
2021-04-01T00:00,-1.2370825073399715E11,-5.27578322370925E10,6.889284951217105E9,3213.0275903846114,-27254.395142958652,-2522.116684674599
2021-04-01T00:00,-1.2343064515018791E11,-5.511261197744412E10,6.67137406966122E9,3794.497178882888,-26999.95814269064,-2554.6635499942063
2021-04-01T00:00,-1.2310280059393243E11,-5.7445408360972595E10,6.45065113894172E9,4365.727321451272,-26738.466794275362,-2585.69464698871
2021-04-01T00:00,-1.2272560175335904E11,-5.9755611891997986E10,6.2272471214418955E9,4926.916696298901,-26470.178709139174,-2615.2492517297396
2021-04-01T00:00,-1.2229991615079881E11,-6.204263533246761E10,6.001289586092446E9,5478.25821726963,-26195.33597183177,-2643.364842726549
2021-04-01T00:00,-1.2182659464082672E11,-6.4305912360433876E10,5.772902863680873E9,6019.939044017666,-25914.166055879294,-2670.0771766982875
2021-04-01T00:00,-1.213064719074236E11,-6.654489630766185E10,5.5422081956141405E9,6552.140607686049,-25626.882678507573,-2695.4203607732115
2021-04-01T00:00,-1.2074036695891953E11,-6.87590589710849E10,5.309323876443335E9,7075.0386495022485,-25333.686598545304,-2719.4269212298063
2021-04-01T00:00,-1.2012908361960252E11,-7.094788949319922E10,5.0743653904490795E9,7588.803270030226,-25034.766361507587,-2742.1278688993375
2021-04-01T00:00,-1.1947341101707191E11,-7.311089330683348E10,4.837445542576177E9,8093.59898710361,-24730.298995571768,-2763.5527613519425
2021-04-01T00:00,-1.1877412406458617E11,-7.524759114005089E10,4.598674583995369E9,8589.58480071479,-24420.450661889212,-2783.729761989398
2021-04-01T00:00,-1.1803198393780441E11,-7.735751807723811E10,4.358160332559485E9,9076.91426335417,-24105.377262427253,-2802.6856961674516
2021-04-01T00:00,-1.172477385454506E11,-7.944022267271182E10,4.116008288410618E9,9555.735554486238,-23785.225008304064,-2820.4461044693426
2021-04-01T00:00,-1.16422122993543E11,-8.149526611342929E10,3.8723217449844666E9,10026.191558017726,-23460.130951364477,-2837.0352932500477
2021-04-01T00:00,-1.1555586004293027E11,-8.352222142762718E10,3.6272018956476626E9,10488.419941760863,-23130.223481545796,-2852.476382568098
2021-04-01T00:00,-1.1464966055996213E11,-8.552067273643274E10,3.380747936193779E9,10942.55323802412,-22795.62279239831,-2866.7913516186004
2021-04-01T00:00,-1.1370422396019684E11,-8.749021454569595E10,3.133057163413932E9,11388.718924576036,-22456.44131695467,-2880.0010817775624
2021-04-01T00:00,-1.1272023864511346E11,-8.943045107548083E10,2.8842250699483504E9,11827.03950532673,-22112.784135984424,-2892.1253973637868
2021-04-01T00:00,-1.1169838243185324E11,-9.13409956248299E10,2.6343454356161194E9,12257.63259015815,-21764.749360523994,-2903.1831042206145
2021-04-01T00:00,-1.1063932297606358E11,-9.322146996957916E10,2.3835104154114585E9,12680.610973409592,-21412.428490437618,-2913.1920262156937
2021-04-01T00:00,-1.09543718187961E11,-9.507150379115297E10,2.1318106243464227E9,13096.082710590754,-21055.90675063984,-2922.1690397527877
2021-04-01T00:00,-1.0841221664176596E11,-9.689073413440825E10,1.879335219311782E9,13504.151192951775,-20695.26340649514,-2930.1301063854703
2021-04-01T00:00,-1.0724545797869493E11,-9.867880489272943E10,1.6261719781200771E9,13904.915219589355,-20330.572059803864,-2937.09030361842
2021-04-01T00:00,-1.0604407330372241E11,-1.0043536631869649E11,1.3724073758874457E9,14298.469066811058,-19961.900926685255,-2943.0638539779397
2021-04-01T00:00,-1.0480868557634993E11,-1.021600745587621E11,1.1181266589037516E9,14684.902554516977,-19589.31309857796,-2948.0641524293237
2021-04-01T00:00,-1.0353990999563966E11,-1.0385259121047923E11,8.634139161338581E8,15064.301109389915,-19212.866787494557,-2952.103792214793
2021-04-01T00:00,-1.0223835437978838E11,-1.0551258290091876E11,6.083521484865E8,15436.745824712543,-18832.615556589557,-2955.194589181918
2021-04-01T00:00,-1.0090461954053322E11,-1.071397208850081E11,3.530233359811823E8,15802.313516653325,-18448.608537029293,-2957.3476046687797
2021-04-01T00:00,-9.953929965269437E10,-1.0873368066260744E11,9.750850293779972E7,16161.07677688266,-18060.89063208641,-2958.573167008566
2021-04-01T00:00,-9.81429826191717E10,-1.102941416132197E11,-1.581122186917404E8,16513.104021397292,-17669.502709321532,-2958.880891712895
2021-04-01T00:00,-9.671625043172298E10,-1.1182078664730507E11,-4.137595277357345E8,16858.459535444654,-17274.48178165892,-2958.2797003898622
2021-04-01T00:00,-9.525967952786057E10,-1.133133018732404E11,-6.693548938494186E8,17197.20351445013,-16875.86117811213,-2956.7778384496864
2021-04-01T00:00,-9.377384114421207E10,-1.147713762790293E11,-9.248204990914716E8,17529.39210085911,-16473.670704868557,-2954.382891647797
2021-04-01T00:00,-9.225930166669785E10,-1.1619470142792995E11,-1.1800791809298413E9,17855.07741681278,-16067.93679739893,-2951.1018015123545
2021-04-01T00:00,-9.071662297788522E10,-1.1758297116722522E11,-1.4350543765805087E9,18174.307592581805,-15658.682664218326,-2946.940879700452
2021-04-01T00:00,-8.914636280188615E10,-1.1893588134941368E11,-1.6896700685866277E9,18487.126790685714,-15245.928422889327,-2941.90582132463
2021-04-01T00:00,-8.754907504717091E10,-1.2025312956515132E11,-1.9438507315490758E9,18793.57522562804,-14829.691228825117,-2936.001717288877
2021-04-01T00:00,-8.592531014767665E10,-1.2153441488732181E11,-2.197521279922835E9,19093.689179178262,-14409.985397420462,-2929.233065670927
2021-04-01T00:00,-8.427561540259564E10,-1.2277943762565894E11,-2.450607016796803E9,19387.50101113136,-13986.822520011487,-2921.60378218544
2021-04-01T00:00,-8.260053531523389E10,-1.2398789909138792E11,-2.7030335835776253E9,19675.039165474653,-13560.211574140772,-2913.1172097605577
2021-04-01T00:00,-8.090061193133688E10,-1.2515950137139369E11,-2.9547269105009375E9,19956.328171889356,-13130.159028582428,-2903.7761272583207
2021-04-01T00:00,-7.917638517728564E10,-1.2629394711146321E11,-3.205613167896056E9,20231.388642511352,-12696.668943562296,-2893.5827573675924
2021-04-01T00:00,-7.742839319857266E10,-1.27390939308187E11,-3.455618718132616E9,20500.237263871808,-12259.743066591242,-2882.538773696353
2021-04-01T00:00,-7.565717269897414E10,-1.2845018110914047E11,-3.7046700681799808E9,20762.886783933805,-11819.380924314455,-2870.6453070885964
2021-04-01T00:00,-7.386325928084225E10,-1.2947137562100124E11,-3.9526938227124357E9,21019.345994135914,-11375.579910766764,-2857.9029511895405
2021-04-01T00:00,-7.204718778694891E10,-1.3045422572529149E11,-4.199616637695212E9,21269.619706347814,-10928.335372413161,-2844.3117672814387
2021-04-01T00:00,-7.020949264432047E10,-1.3139843390146799E11,-4.445365174388329E9,21513.708724636854,-10477.640690344797,-2829.8712884109486
2021-04-01T00:00,-6.835070821051184E10,-1.3230370205711378E11,-4.689866053707034E9,21751.609811737373,-10023.487359993771,-2814.580522827838
2021-04-01T00:00,-6.647136912277773E10,-1.3316973136501724E11,-4.933045810879359E9,21983.315650107248,-9565.865068725076,-2798.437956753712
2021-04-01T00:00,-6.457201065060847E10,-1.339962221069551E11,-5.17483085034288E9,22208.814797448245,-9104.761771660955,-2781.441556498471
2021-04-01T00:00,-6.265316905210894E10,-1.347828735240266E11,-5.415147400824348E9,22428.091636558478,-8640.163766091757,-2763.5887699413515
2021-04-01T00:00,-6.071538193471029E10,-1.3552938367341693E11,-5.653921470547281E9,22641.126319376468,-8172.055764828093,-2744.876527392657
2021-04-01T00:00,-5.875918862071616E10,-1.3623544929149808E11,-5.891078802514007E9,22847.894705067272,-7700.420968851802,-2725.301241851669
2021-04-01T00:00,-5.678513051819835E10,-1.3690076566320688E11,-6.126544829809991E9,23048.36829199158,-7225.241139627874,-2704.8588086757472
2021-04-01T00:00,-5.479375149777028E10,-1.3752502649767072E11,-6.360244630879576E9,23242.514143388944,-6746.4966714461525,-2683.544604675258
2021-04-01T00:00,-5.278559827578147E10,-1.3810792381008365E11,-6.592102884723518E9,23430.294806596114,-6264.166664170418,-2661.353486648777
2021-04-01T00:00,-5.076122080449157E10,-1.3864914780986798E11,-6.822043825969973E9,23611.668225611164,-5778.228996783363,-2638.279789372934
2021-04-01T00:00,-4.872117266979877E10,-1.3914838679519006E11,-7.049991199771794E9,23786.587646803368,-5288.660402129147,-2614.3173230613834
2021-04-01T00:00,-4.666601149711496E10,-1.3960532705393402E11,-7.275868216484298E9,23955.00151755804,-4795.436543270735,-2589.4593703076566
2021-04-01T00:00,-4.459629936599795E10,-1.400196527712726E11,-7.499597506078879E9,24116.8533776346,-4298.532091897225,-2563.698682527109
2021-04-01T00:00,-4.251260323417032E10,-1.4039104594401254E11,-7.721101072249222E9,24272.081743004986,-3797.920809236947,-2537.027475913857
2021-04-01T00:00,-4.0415495371574684E10,-1.407191863019306E11,-7.940300246168179E9,24420.619981928616,-3293.5756299554814,-2509.4374269294813
2021-04-01T00:00,-3.8305553805136055E10,-1.4100375123635876E11,-8.157115639854886E9,24562.396183008907,-2785.468749544005,-2480.919667341418
2021-04-01T00:00,-3.618336277492409E10,-1.4124441573631937E11,-8.371467099113185E9,24697.33301496559,-2273.5717157327717,-2451.464778830349
2021-04-01T00:00,-3.404951320243106E10,-1.414408523325587E11,-8.5832736560041275E9,24825.347577846333,-1757.855524497225,-2421.062787187611
2021-04-01T00:00,-3.190460317170514E10,-1.4159273104987524E11,-8.792453480817137E9,24946.351245390986,-1238.2907212605019,-2389.7031561256513
2021-04-01T00:00,-2.974923842410336E10,-1.4169971936819214E11,-8.998923833506393E9,25060.249498251815,-714.8475079361449,-2357.3747807269433
2021-04-01T00:00,-2.7584032867454403E10,-1.417614821928778E11,-9.202601014561201E9,25166.941747764155,-187.49585649895107,-2324.0659805595296
2021-04-01T00:00,-2.540960910044758E10,-1.417776818348793E11,-9.403400315281544E9,25266.3211499535,343.7943701795949,-2289.764492490581
2021-04-01T00:00,-2.3226598953091595E10,-1.4174797800129578E11,-9.60123596743273E9,25358.274409457896,879.0532894416772,-2254.457463233029
2021-04-01T00:00,-2.1035644044114433E10,-1.41672027797088E11,-9.796021092256063E9,25442.681573038684,1418.3108610514025,-2218.1314416645755
2021-04-01T00:00,-1.883739635620389E10,-1.4154948573869318E11,-9.987667648815884E9,25519.41581234834,1961.5967395893945,-2180.772370963167
2021-04-01T00:00,-1.6632518830016994E10,-1.4138000378039264E11,-1.01760863816671E10,25588.343195621954,2508.9401160526377,-2142.3655806085285
2021-04-01T00:00,-1.4421685977915257E10,-1.411632313543657E11,-1.0361186767831678E10,25649.32244795904,3060.3695476026805,-2102.8957783055366
2021-04-01T00:00,-1.2205584518411594E10,-1.4089881542545282E11,-1.0542876963077276E10,25702.204699865226,3615.9127743227386,-2062.347041892234
2021-04-01T00:00,-9.984914032343239E9,-1.4058640056175134E11,-1.0721063747496765E10,25746.83322372985,4175.596521754416,-2020.7028113032152
2021-04-01T00:00,-7.76038764181298E9,-1.4022562902227176E11,-1.0895652470393362E10,25783.04315792566,4739.446287887119,-1977.9458806680307
2021-04-01T00:00,-5.532732712968203E9,-1.3981614086299832E11,-1.106654699448308E10,25810.66121823185,5307.486113167242,-1934.0583906342902
2021-04-01T00:00,-3.3026915837129707E9,-1.3935757406282068E11,-1.1233649639433882E10,25829.50539630213,5879.7383319792225,-1889.0218210164257
2021-04-01T00:00,-1.0710223174724665E9,-1.3884956467093768E11,-1.1396861124769701E10,25839.38464492631,6456.223303925944,-1842.8169838837123
2021-04-01T00:00,1.1615005158491669E9,-1.382917469774785E11,-1.1556080512177254E10,25840.098549868242,7036.959123101133,-1795.4240172153136
2021-04-01T00:00,3.394085030557783E9,-1.3768375370924255E11,-1.1711205147264656E10,25831.43698810589,7621.961303400531,-1746.8223792659776
2021-04-01T00:00,5.625921186330132E9,-1.3702521625262875E11,-1.1862130600833237E10,25813.179772352232,8211.242437761153,-1696.9908438037317
2021-04-01T00:00,7.856179918661365E9,-1.363157649060062E11,-1.2008750609737879E10,25785.09628180033,8804.811829048063,-1645.9074964007364
2021-04-01T00:00,1.0084012237408913E10,-1.3555502916397644E11,-1.2150957017426903E10,25746.94507911378,9402.67509012511,-1593.549731980554
2021-04-01T00:00,1.2308548292244343E10,-1.3474263803618964E11,-1.2288639714270023E10,25698.47351377714,10004.833710449318,-1539.8942538497326
2021-04-01T00:00,1.4528896403834688E10,-1.3387822040360681E11,-1.242168657780264E10,25639.417312032012,10611.284586317293,-1484.917074469063
2021-04-01T00:00,1.6744142059594254E10,-1.32961405415349E11,-1.2549983413036768E10,25569.500153755813,11222.01951166566,-1428.5935182504127
2021-04-01T00:00,1.8953346872878754E10,-1.3199182292954109E11,-1.2673413893013603E10,25488.433236794983,11837.024626085353,-1370.8982266990274
2021-04-01T00:00,2.115554750453784E10,-1.3096910400184732E11,-1.27918594998004E10,25395.914829445734,12456.279816451382,-1311.8051662589203
2021-04-01T00:00,2.3349754545801952E10,-1.2989288142570592E11,-1.290519946616517E10,25291.629811987263,13079.758068294828,-1251.2876392608628
2021-04-01T00:00,2.553495136155765E10,-1.2876279032860524E11,-1.301331071819731E10,25175.249208418853,13707.424762752451,-1189.3182984189132
2021-04-01T00:00,2.771009289316504E10,-1.2757846882910342E11,-1.3116067819180704E10,25046.42970983836,14339.23691462129,-1125.869165372831
2021-04-01T00:00,2.9874104420095074E10,-1.2633955875968015E11,-1.3213342915068916E10,24904.81319123061,14975.142346721554,-1060.911653830569
2021-04-01T00:00,3.2025880279817398E10,-1.250457064609234E11,-1.3305005681959877E10,24750.026223816218,15615.078795431644,-994.4165979278193
2021-04-01T00:00,3.416428254555512E10,-1.2369656365299811E11,-1.339092327602084E10,24581.679585551185,16258.972941905751,-926.3542864908085
2021-04-01T00:00,3.628813966174674E10,-1.2229178839081744E11,-1.3470960286373646E10,24399.367772872665,16906.739363118922,-856.6945039647458
2021-04-01T00:00,3.839624503732294E10,-1.2083104610984396E11,-1.35449786915162E10,24202.66851736521,17558.279396509573,-785.4065788540584
2021-04-01T00:00,4.048735559722329E10,-1.1931401076998553E11,-1.361283781992919E10,23991.142311683565,18213.479911608745,-712.4594406123674
2021-04-01T00:00,4.256019029295275E10,-1.1774036610562254E11,-1.3674394315598099E10,23764.331949823183,18872.211981663728,-637.8216860206119
2021-04-01T00:00,4.461342857341747E10,-1.161098069904068E11,-1.3729502109270279E10,23521.76208768915,19534.329447887067,-561.4616562013412
2021-04-01T00:00,4.6645708817793816E10,-1.1442204092610936E11,-1.3778012396366076E10,23262.93883089042,20199.66736859844,-483.34752553646166
2021-04-01T00:00,4.8655626732782745E10,-1.1267678966546245E11,-1.3819773622572426E10,22987.349357792587,20868.040345186007,-403.44740388505295
2021-04-01T00:00,5.064173371729603E10,-1.1087379097963838E11,-1.3854631478268095E10,22694.461587112848,21539.240716507906,-321.7294536375796
2021-04-01T00:00,5.260253519842258E10,-1.090128005817321E11,-1.3882428903062382E10,22383.723900750938,22213.036613098462,-238.16202329309735
2021-04-01T00:00,5.453648894344746E10,-1.070935942183604E11,-1.3903006101874905E10,22054.56493413541,22889.169862355877,-152.7137994068499
2021-04-01T00:00,5.644200335375676E10,-1.0511596994225285E11,-1.3916200574143656E10,21706.393448142444,23567.353735790595,-65.35397892670511
2021-04-01T00:00,5.831743574767627E10,-1.0307975057948055E11,-1.3921847157922924E10,21338.59829863139,24247.27052943308,23.947535882444413
2021-04-01T00:00,6.0161090640678024E10,-1.0098478640573753E11,-1.3919778090822681E10,20950.548521854504,24928.56896866837,115.21991753795483
2021-04-01T00:00,6.1971218032966255E10,-9.883095804684459E10,-1.3909823089947403E10,20541.593556453816,25610.861429120352,208.49116587782575
2021-04-01T00:00,6.3746011716243866E10,-9.661817961936859E10,-1.3891809453215559E10,20111.06362547103,26293.720965796532,303.7878302528327
2021-04-01T00:00,6.5483607613484566E10,-9.434640212792377E10,-1.3865562184681715E10,19658.270304779016,26976.678143576373,401.13469838470996
2021-04-01T00:00,6.7182082167817474E10,-9.201561713631877E10,-1.3830904146741276E10,19182.50730760481,27659.217663345436,500.55444870313363
2021-04-01T00:00,6.883945079919453E10,-8.962586073020572E10,-1.3787656242373325E10,18683.051518357785,28340.774779714186,602.067262782944
2021-04-01T00:00,7.045366645038065E10,-8.717721778923842E10,-1.373563763086888E10,18159.164312798923,29020.731508397057,705.6903943270223
2021-04-01T00:00,7.202261824700647E10,-8.466982658691292E10,-1.3674665980799025E10,17610.093205674828,29698.412624057746,811.4376909883896
2021-04-01T00:00,7.354413029997678E10,-8.210388373619434E10,-1.3604557764297628E10,17035.07387126656,30373.081452856248,919.3190652084756
2021-04-01T00:00,7.501596068245421E10,-7.947964949866756E10,-1.3525128597063616E10,16433.332586826364,31043.93546818065,1029.339910180705
2021-04-01T00:00,7.643580061795601E10,-7.679745347421675E10,-1.3436193628824003E10,15804.089153530542,31710.101703242286,1141.500457046084
2021-04-01T00:00,7.780127392082104E10,-7.405770068705661E10,-1.3337567989335222E10,15146.560354274785,32370.632000498936,1255.7950695101977
2021-04-01T00:00,7.910993673543039E10,-7.12608780822135E10,-1.322906729532954E10,14459.964012256984,33024.49812539906,1372.2114722625306
2021-04-01T00:00,8.035927762608939E10,-6.840756144417902E10,-1.3110508224126057E10,13743.523718671135,33670.586780868915,1490.7299099070099
2021-04-01T00:00,8.154671807538257E10,-6.549842274631195E10,-1.2981709159910091E10,12996.474301767063,34307.694569454376,1611.3222336092736
2021-04-01T00:00,8.266961345505524E10,-6.253423793551109E10,-1.284249091892625E10,12218.068112752411,34934.52296223613,1733.9509133681236
2021-04-01T00:00,8.372525453999704E10,-5.951589515157389E10,-1.2692677560011244E10,11407.582206200485,35549.673347701646,1858.5679747673296
2021-04-01T00:00,8.471086964261276E10,-5.6444403374332466E10,-1.2532097286991346E10,10564.32649338363,36151.64224979553,1985.1138603051627
2021-04-01T00:00,8.562362745164111E10,-5.3320901483950134E10,-1.236058344946098E10,9687.652945801017,36738.81682245241,2113.516216982249
2021-04-01T00:00,8.646064066615833E10,-5.014666771049025E10,-1.2177975648313713E10,8776.965922551128,37309.47074805188,2243.688613805648
2021-04-01T00:00,8.721897052186674E10,-4.692312943785857E10,-1.1984120952080906E10,7831.733688464,37861.7606893417,2375.5291952913794
2021-04-01T00:00,8.789563231255003E10,-4.3651873314299446E10,-1.177887522960773E10,6851.501179320403,38393.72346825224,2508.919279969947
2021-04-01T00:00,8.848760201444331E10,-4.0334655606642456E10,-1.1562104603818327E10,5835.904055230456,38903.27417031412,2643.7219163652817
2021-04-01T00:00,8.899182412481523E10,-3.697341271832732E10,-1.1333687030244366E10,4784.68406244683,39388.20539953951,2779.7804129619963
2021-04-01T00:00,8.940522082781064E10,-3.3570271771807102E10,-1.109351400256445E10,3697.705696639329,39846.18793483968,2916.9168633173535
2021-04-01T00:00,8.972470260000027E10,-3.0127561134236954E10,-1.084149238557383E10,2574.9741260619185,40274.7730642489,3054.93069270682
2021-04-01T00:00,8.994718036449202E10,-2.6647820741485847E10,-1.057754637372396E10,1416.6542902779352,40671.396895996964,3193.597258475872
2021-04-01T00:00,9.006957929517203E10,-2.313381204967171E10,-1.0301619570591646E10,223.09103851011696,41033.386964048244,3332.6665425218057
2021-04-01T00:00,9.00888543608993E10,-1.9588527415977943E10,-1.0013677181317762E10,-1005.1698891497485,41357.97145794342,3471.8619809079114
2021-04-01T00:00,9.000200768247678E10,-1.6015198682011631E10,-9.713708306167318E9,-2267.360304504373,41642.29141009989,3610.8794823109397
2021-04-01T00:00,8.98061077521676E10,-1.2417304704179E10,-9.401728318895653E9,-3562.467783577973,41883.416165254865,3749.386693534973
2021-04-01T00:00,8.949831053566646E10,-8.79857754750098E9,-9.07778130857423E9,-4889.214080280697,42078.36243331316,3887.0225763164963
2021-04-01T00:00,8.90758824391302E10,-5.163007033262724E9,-8.741942557980484E9,-6246.034264638482,42224.11718520114,4023.3973646302397
2021-04-01T00:00,8.853622507866544E10,-1.5148433084613457E9,-8.394321025676432E9,-7631.057202328653,42317.664588221676,4158.092975126442
2021-04-01T00:00,8.787690173638425E10,2.141402911961007E9,-8.035061792625507E9,-9042.088083434333,42356.01709001024,4290.663944551915
2021-04-01T00:00,8.709566532597552E10,5.800962788537891E9,-7.664348427816222E9,-10476.593791513758,42336.250646397595,4420.638966338821
2021-04-01T00:00,8.619048762238873E10,9.458814844386642E9,-7.282405221124548E9,-11931.69197240493,42255.54394734228,4547.523093278871
2021-04-01T00:00,8.515958943597295E10,1.3109693841437016E10,-6.889499225865253E9,-13404.144707732696,42111.22132730361,4670.800663667274
2021-04-01T00:00,8.400147133322484E10,1.6748103364116047E10,-6.485942048524401E9,-14890.357712228448,41900.79885481614,4789.938993940489
2021-04-01T00:00,8.27149444268883E10,2.036833238517216E10,-6.072091319447943E9,-16386.385947919505,41622.03288600503,4904.392861279784
2021-04-01T00:00,8.129916068098807E10,2.3964476026522995E10,-5.64835177623337E9,-17887.9464737856,41272.97014664307,5013.609774833496
2021-04-01T00:00,7.975364210565298E10,2.7530460647192955E10,-5.215175891687756E9,-19390.43921992062,40851.99818837665,5117.036004432679
2021-04-01T00:00,7.807830815705185E10,3.1060073290668697E10,-4.773063980904772E9,-20888.9761864723,40357.89486100955,5214.123301710566
2021-04-01T00:00,7.627350061454065E10,3.454699540665992E10,-4.322563727636979E9,-22378.41931924205,39789.875270504344,5304.336211677452
2021-04-01T00:00,7.434000518535814E10,3.7984840630031494E10,-3.864269078948047E9,-23853.427010079944,39147.634569113274,5387.159834868428
2021-04-01T00:00,7.227906909168723E10,4.136719625680288E10,-3.398818469215415E9,-25308.508820786406,38431.38486702634,5462.107863468925
2021-04-01T00:00,7.009241392957127E10,4.468766790931396E10,-2.9268923498117E9,-26738.087649496818,37641.88457937066,5528.7306819875
2021-04-01T00:00,6.778224315665475E10,4.793992673697158E10,-2.44921001888798E9,-28136.56816918421,36780.45863960563,5586.623296908988
2021-04-01T00:00,6.5351243666837234E10,5.111775836343351E10,-1.9665257660350435E9,-29498.409993953603,35849.00822576603,5635.432843059898
2021-04-01T00:00,6.280258104335964E10,5.4215112674139694E10,-1.4796243683946683E9,-30818.203697688754,34850.008957593716,5674.865409506829
2021-04-01T00:00,6.013988824387933E10,5.722615344807579E10,-9.893159970132784E8,-32090.747548877287,33786.49691994122,5704.691936360757
2021-04-01T00:00,5.7367247655656334E10,6.014530678195871E10,-4.9643061371170896E8,-33311.122659852124,32662.04233199571,5724.752956600586
2021-04-01T00:00,5.448916665784511E10,6.296730723944314E10,-1811958.2614183426,-34474.76419737886,31480.711186365854,5734.961993548149
2021-04-01T00:00,5.1510547031191574E10,6.5687240685945145E10,4.936887579811417E8,-35577.5263754615,30247.01569481405,5735.307473308834
2021-04-01T00:00,4.84366487523517E10,6.830058284197708E10,9.89219323675025E8,-36615.73915147167,28965.854863584053,5725.853069587081
2021-04-01T00:00,4.527304888966455E10,7.080323270219075E10,1.483933028887349E9,-37586.25486363943,27642.446946714255,5706.736462123496
2021-04-01T00:00,4.2025596469446106E10,7.319154011838686E10,1.976995059214819E9,-38486.48346191439,26282.255860452144,5678.166555326189
2021-04-01T00:00,3.87003642983367E10,7.546232702472992E10,2.4675886495950017E9,-39314.41546726519,24890.913863190803,5640.419266063888
2021-04-01T00:00,3.530359880196499E10,7.76129019825096E10,2.9549208741829214E9,-40068.632313188195,23474.142900096373,5593.832044911068
2021-04-01T00:00,3.184166897010553E10,7.964106792907793E10,3.438227962863238E9,-40748.30424202381,22037.676977348536,5538.797339928484
2021-04-01T00:00,2.8321015483594673E10,8.154512321992084E10,3.916780053033059E9,-41353.176413591886,20587.187775789276,5475.755243866735
2021-04-01T00:00,2.4748101041460335E10,8.332385624374902E10,4.389885306103145E9,-41883.544305312964,19128.215455077596,5405.185583218837
2021-04-01T00:00,2.1129362813481293E10,8.497653405906773E10,4.856893340493252E9,-42340.21981919376,17666.106261375477,5327.59971076231
2021-04-01T00:00,1.747116782110295E10,8.650288564005057E10,5.317197955503116E9,-42724.48974824079,16205.958162345842,5243.532253180832
2021-04-01T00:00,1.3779771906854946E10,8.790308042527725E10,5.770239142177939E9,-43038.068388403204,14752.57532201589,5153.533044001326
2021-04-01T00:00,1.0061282798096909E10,8.917770293309943E10,6.215504397179654E9,-43283.04611571284,13310.431822262974,5058.1594420020365
2021-04-01T00:00,6.32162761369932E9,9.032772424254295E10,6.65252937296863E9,-43461.83569242439,11883.644660755874,4957.969199322846
2021-04-01T00:00,2.5665250098738523E9,9.135447114123225E10,7.080897911790124E9,-43577.11793612109,10475.955725149255,4853.514004631003
2021-04-01T00:00,-1.1985379798070097E9,9.225959371588515E10,7.500241521790242E9,-43631.78820021462,9090.722172115251,4745.333787514841
2021-04-01T00:00,-4.968324480305553E9,9.304503211155591E10,7.910238361031525E9,-43628.9048921061,7730.914433312707,4633.95183302713
2021-04-01T00:00,-8.73786186298352E9,9.371298311859413E10,8.310611799405068E9,-43571.64101466233,6399.120929160031,4519.870721687996
2021-04-01T00:00,-1.2502451646650345E10,9.426586716687357E10,8.701128629758911E9,-43463.239473608715,5097.558491433007,4403.569081437822
2021-04-01T00:00,-1.6257675537170137E10,9.470629622053337E10,9.08159699839514E9,-43306.972660993524,3828.0874702161545,4285.499114625108
2021-04-01T00:00,-1.999939797507998E10,9.503704297796005E10,9.451864121898748E9,-43106.10661277814,2592.2305205920743,4166.084845280307
2021-04-01T00:00,-2.372376558642401E10,9.526101169493921E10,9.811813852530968E9,-42863.86985330412,1391.1941197903016,4045.721019450038
2021-04-01T00:00,-2.742720394174949E10,9.538121086688908E10,1.016136414861145E10,-42583.42688434419,225.89194651007824,3924.7725837612884
2021-04-01T00:00,-3.1106412024556828E10,9.540072793106755E10,1.0500464499848425E10,-42267.856152603315,-903.0306483279712,3803.57466399496
2021-04-01T00:00,-3.4758354796141754E10,9.532270608305202E10,1.0829093350817589E10,-41920.13223587591,-1995.1717440063849,3682.4329655290353
2021-04-01T00:00,-3.8380254221321434E10,9.515032324436987E10,1.1147255559039297E10,-41543.11192215731,-3050.348082032281,3561.6245203054787
2021-04-01T00:00,-4.196957909139583E10,9.488677317008229E10,1.145497991759369E10,-41139.52381453219,-4068.5708790437893,3441.3987097608565
2021-04-01T00:00,-4.552403394897141E10,9.45352486461329E10,1.175231676611703E10,-40711.96107384946,-5050.02257350945,3321.9784992902755
2021-04-01T00:00,-4.904154738575201E10,9.40989266957817E10,1.203933570845571E10,-40262.87690716692,-5995.034769949816,3203.561826732054
2021-04-01T00:00,-5.252025995053123E10,9.358095569165804E10,1.2316123450285358E10,-39794.58241898846,-6904.067565822377,3086.3230946115796
2021-04-01T00:00,-5.595851187153183E10,9.298444425397098E10,1.25827817656598E10,-39309.24646102286,-7777.690378751023,2970.4147231113975
2021-04-01T00:00,-5.9354830765764206E10,9.231245180524689E10,1.2839425597736624E10,-38808.8971415931,-8616.564335338955,2855.968727676909
2021-04-01T00:00,-6.270791947879785E10,9.15679806466736E10,1.3086181295807909E10,-38295.42468541041,-9421.4262368059,2743.0982916399485
2021-04-01T00:00,-6.601664417161731E10,9.075396941981357E10,1.33231849882056E10,-37770.58536616094,-10193.07408025939,2631.899310130668
2021-04-01T00:00,-6.928002274725362E10,8.987328781927916E10,1.3550581088600891E10,-37236.00626663589,-10932.35408649439,2522.4518867908955
2021-04-01T00:00,-7.249721368869096E10,8.892873242620604E10,1.3768520931619625E10,-36693.190652767116,-11640.149164691475,2414.8217693810348
2021-04-01T00:00,-7.566750536109004E10,8.79230235383767E10,1.3977161532494146E10,-36143.52377804882,-12317.368730128026,2309.061714300486
2021-04-01T00:00,-7.879030581551346E10,8.685880288009363E10,1.4176664464609709E10,-35588.278962856115,-12964.939781960527,2205.2127733530388
2021-04-01T00:00,-8.186513311790422E10,8.573863208293224E10,1.4367194848227411E10,-35028.623818767606,-13583.799143296248,2103.3054988322783
2021-04-01T00:00,-8.489160621584575E10,8.456499183695145E10,1.454892044332652E10,-34465.62651099544,-14174.88676427246,2003.361065234247
2021-04-01T00:00,-8.786943634639575E10,8.334028162051831E10,1.472201083936276E10,-33900.26197239281,-14739.139989936395,1905.3923076850851
2021-04-01T00:00,-9.079841898081049E10,8.20668199253878E10,1.4886636734746752E10,-33333.41800031328,-15277.488697717992,1809.4046785596347
2021-04-01T00:00,-9.367842629603755E10,8.074684490190497E10,1.5042969298974304E10,-32765.901182975143,-15790.851213665363,1715.3971248200367
2021-04-01T00:00,-9.65094001582466E10,7.938251535704428E10,1.5191179610558756E10,-32198.442615115866,-16280.130921923193,1623.362889374073
2021-04-01T00:00,-9.929134560019261E10,7.797591204539012E10,1.5331438164200676E10,-31631.70337380992,-16746.213487817935,1533.2902402894083
2021-04-01T00:00,-1.0202432477168979E11,7.652903920004265E10,1.5463914440961681E10,-31066.279734580934,-17189.964621087216,1445.1631320446468
2021-04-01T00:00,-1.0470845134075758E11,7.504382625678072E10,1.558877653557034E10,-30502.70811557809,-17612.228312036572,1358.9618031885047
2021-04-01T00:00,-1.0734388532194353E11,7.352212973062076E10,1.5706190835365826E10,-29941.469743811613,-18013.82547956014,1274.6633148465767
2021-04-01T00:00,-1.0993082830780885E11,7.196573520918677E10,1.581632174576857E10,-29382.995042444272,-18395.552975904713,1192.242034488387
2021-04-01T00:00,-1.1246951907947604E11,7.03763594320686E10,1.5919331457548367E10,-28827.667742091347,-18758.182898705698,1111.6700692686106
2021-04-01T00:00,-1.1496022957239273E11,6.875565242962044E10,1.6015379751533175E10,-28275.82872214915,-19102.462166125246,1032.91765310446
2021-04-01T00:00,-1.1740326117398642E11,6.710519969846722E10,1.61046238367614E10,-27727.77959049396,-19429.11231584644,955.9534914618255
2021-04-01T00:00,-1.197989413306051E11,6.542652439437808E10,1.6187218218423702E10,-27183.786011593802,-19738.829493208817,880.7450676083861
2021-04-01T00:00,-1.221476204420068E11,6.372108952616484E10,1.6263314592265066E10,-26644.080794263442,-20032.284597909686,807.2589138625841
2021-04-01T00:00,-1.2444966902263116E11,6.199030013690544E10,1.6333061762422794E10,-26108.86675106268,-20310.12356245119,735.460851130985
2021-04-01T00:00,-1.2670547510992297E11,6.023550546110966E10,1.6396605579960512E10,-25578.31934176923,-20572.967738901043,665.3161997891924
2021-04-01T00:00,-1.2891544190105183E11,5.8458001048468605E10,1.64540888996223E10,-25052.589113519083,-20821.414373575262,596.7899647277793
2021-04-01T00:00,-1.3107998560045988E11,5.6659030846591705E10,1.650565155257478E10,-24531.803950156303,-21056.037151967223,529.8469971580356
2021-04-01T00:00,-1.3319953346175339E11,5.4839789236661736E10,1.6551430333129234E10,-24016.071143119152,-21277.386798663258,464.452135555124
2021-04-01T00:00,-1.3527452200851888E11,5.300142301725723E10,1.6591558997641197E10,-23505.47929585006,-21485.991719125905,400.5703279101404
2021-04-01T00:00,-1.3730539541968031E11,5.1145033332724754E10,1.6626168273972633E10,-23000.100073286354,-21682.358672115934,338.1667372685859
2021-04-01T00:00,-1.3929260406601227E11,4.927167754345394E10,1.665538588007264E10,-22499.989807493534,-21866.973463187656,277.2068323514153
2021-04-01T00:00,-1.412366031853797E11,4.738237103623453E10,1.6679336550387802E10,-22005.190969965275,-22040.301651150927,217.65646488628684
2021-04-01T00:00,-1.431378516851847E11,4.547808897357509E10,1.6698142068953978E10,-21515.733520551606,-22202.789260669117,159.48193512076614
2021-04-01T00:00,-1.4499681106136035E11,4.355976798145328E10,1.6711921308148413E10,-21031.63614240277,-22354.8634952747,102.65004684570937
2021-04-01T00:00,-1.4681394442406396E11,4.162830777546154E10,1.6720790272195883E10,-20552.907371742098,-22496.93344605107,47.12815312537436
2021-04-01T00:00,-1.4858971562098248E11,3.9684572725722725E10,1.6724862144625916E10,-20079.54663071496,-22629.390792067345,-7.1158061895941245
2021-04-01T00:00,-1.5032458844987625E11,3.772939336128811E10,1.6724247338971134E10,-19611.54517100919,-22752.610489377308,-60.11327419993563
2021-04-01T00:00,-1.5201902595265146E11,3.576356781500591E10,1.671905355208026E10,-19148.88693540952,-22866.95144601751,-111.8950530797698
2021-04-01T00:00,-1.5367348978387085E11,3.378786321007E10,1.6709385819494167E10,-18691.549343938234,-22972.75718097551,-162.49128580686966
2021-04-01T00:00,-1.552884396471871E11,3.1803016989633717E10,1.6695346572400454E10,-18239.504010748293,-23070.35646555786,-211.93144280729473
2021-04-01T00:00,-1.5686433279371576E11,2.9809738191009518E10,1.6677035695741903E10,-17792.71739747506,-23160.06394597842,-260.244312894608
2021-04-01T00:00,-1.584016235768576E11,2.780870866607698E10,1.665455058710781E10,-17351.151408319096,-23242.180746319875,-307.45799795080626
2021-04-01T00:00,-1.5990076305853638E11,2.5800584249594944E10,1.662798621608486E10,-16914.76393172544,-23316.995051302,-353.599910856376
2021-04-01T00:00,-1.6136219866223746E11,2.3785995877162453E10,1.659743518378687E10,-16483.50933314364,-23384.78266852668,-398.6967762311327
2021-04-01T00:00,-1.6278637386862106E11,2.1765550654601746E10,1.65629877823205E10,-16057.338902997573,-23445.807570067256,-442.7746335962466
2021-04-01T00:00,-1.6417372794984006E11,1.9739832880547935E10,1.6524732053977783E10,-15636.201263663253,-23500.322413434118,-485.85884261162096
2021-04-01T00:00,-1.6552469573902057E11,1.770940502402723E10,1.648275384997614E10,-15220.04273894573,-23548.569042083986,-527.9740900820229
2021-04-01T00:00,-1.6683970743166547E11,1.5674808658791172E10,1.6437136888593052E10,-14808.807689261637,-23590.778965750975,-569.1443984605207
2021-04-01T00:00,-1.6811918841601767E11,1.3636565356150288E10,1.6387962812566063E10,-14402.43881547063,-23627.173820966997,-609.3931356092359
2021-04-01T00:00,-1.6936355912967435E11,1.159517753801874E10,1.6335311245649426E10,-14000.877434055828,-23657.965812210296,-648.743025605547
2021-04-01T00:00,-1.7057323493997678E11,9.551129291843771E9,1.6279259848237106E10,-13604.063726128938,-23683.358134176473,-687.216160407011
2021-04-01T00:00,-1.717486260459143E11,7.504887149050924E9,1.6219884371977942E10,-13211.9369625291,-23703.545375708887,-724.8340122106958
2021-04-01T00:00,-1.728901373994768E11,5.456900828589676E9,1.6157258713322937E10,-12824.435707094197,-23718.713905956403,-761.6174463626271
2021-04-01T00:00,-1.7399816864456973E11,3.4076039471150427E9,1.6091454965957207E10,-12441.498000008338,-23729.04224334823,-797.5867346908751
2021-04-01T00:00,-1.7507311407177045E11,1.3574146972897556E9,1.6022543472079916E10,-12063.061522968499,-23734.701407989312,-832.7615691516884
2021-04-01T00:00,-1.7611536258735492E11,-6.932635043605211E8,1.595059287250521E10,-11689.063747765593,-23735.855258086758,-867.1610756922003
2021-04-01T00:00,-1.7712529769516187E11,-2.744041398659217E9,1.5875670155565405E10,-11319.442069739769,-23732.66081101938,-900.8038282457933
2021-04-01T00:00,-1.781032974899874E11,-4.794543292731291E9,1.5797840704804968E10,-10954.133927445464,-23725.26854965928,-933.7078627873575
2021-04-01T00:00,-1.790497346613187E11,-6.844406495421852E9,1.571716834546014E10,-10593.076909747773,-23713.822714547616,-965.8906913855755
2021-04-01T00:00,-1.799649765063209E11,-8.893280777958767E9,1.5633715389724426E10,-10236.208851467323,-23698.461582516906,-997.3693161981416
2021-04-01T00:00,-1.8084938495108768E11,-1.0940827858688229E10,1.5547542680804907E10,-9883.467918595185,-23679.317732339783,-1028.160243363593
2021-04-01T00:00,-1.817033165792543E11,-1.2986720910762386E10,1.5458709635778292E10,-9534.792684011774,-23656.518297970073,-1058.2794967503064
2021-04-01T00:00,-1.8252712266715292E11,-1.5030644091707E10,1.5367274287259066E10,-9190.122194563522,-23630.18520992632,-1087.74263152929
2021-04-01T00:00,-1.833211492247632E11,-1.7072292093844635E10,1.5273293323894936E10,-8849.396030277687,-23600.435425351083,-1116.5647475427645
2021-04-01T00:00,-1.840857370417792E11,-1.9111369714594967E10,1.5176822129707241E10,-8512.554356428544,-23567.381147261884,-1144.760502445253
2021-04-01T00:00,-1.8482122173817462E11,-2.1147591445718395E10,1.507791482229597E10,-8179.53796910672,-23531.1300334915,-1172.3441245980614
