Name=moon  	 
Mass=7.349E22
Radius=1738000.0
Image_Path=   /src/main/java/misc/moonScaled.png
Icon_Path=   /src/main/java/misc/moonScaled.png
Start_Time=0-zero-0_0:0:0
End_Time=0-zero-0_0:0:0
No_of_Steps=367
$SOE
0-zero-0_0:0:0,-1.472343904597218E11,-2.822578361503422E10,1.052790970065631E7,4433.121605215677,-29484.5361411032,88.96598225322805
0-zero-0_0:0:0,-1.4685136875303116E11,-3.0773247537625538E10,1.8214570567335214E7,4961.689481054056,-29613.06373172781,87.61047587757251
0-zero-0_0:0:0,-1.464226787818681E11,-3.333181624404682E10,2.578411568315748E7,5536.186760518371,-29716.90058544873,81.87247796730159
0-zero-0_0:0:0,-1.459443522457593E11,-3.589935645462959E10,3.285789777953234E7,6151.46967565416,-29784.90309613374,72.14731038634821
0-zero-0_0:0:0,-1.4541286526578278E11,-3.847277208213555E10,3.909142539691283E7,6797.990322137461,-29806.268159336076,59.22663280339623
0-zero-0_0:0:0,-1.448255189019501E11,-4.104803365110219E10,4.420860647112626E7,7461.846244503452,-29773.656422297237,44.30508653962376
0-zero-0_0:0:0,-1.4418081538642502E11,-4.362047756598867E10,4.803656594814975E7,8127.156450040616,-29685.750090507576,28.778400072300165
0-zero-0_0:0:0,-1.434786290691415E11,-4.6185326373808525E10,5.0523019714396484E7,8779.709185714162,-29547.58225828641,13.920157377912888
0-zero-0_0:0:0,-1.4272006219549582E11,-4.873823748092447E10,5.1725721311848156E7,9409.802139229438,-29368.43616512153,0.6209955819578656
0-zero-0_0:0:0,-1.4190705529066638E11,-5.127567036559097E10,5.177937533012932E7,10012.966100764734,-29158.78231722853,-10.68797230692901
0-zero-0_0:0:0,-1.410419350195603E11,-5.3794989157799515E10,5.085593452281065E7,10588.902347221041,-28927.90506317869,-19.950458678523827
0-zero-0_0:0:0,-1.401270538567604E11,-5.6294360155258156E10,4.913221489298619E7,11139.782394685753,-28682.8441742286,-27.338522383752746
0-zero-0_0:0:0,-1.3916457665785956E11,-5.877255789191151E10,4.677016655902996E7,11668.790769112189,-28428.360892035427,-33.123561514342484
0-zero-0_0:0:0,-1.3815639313540826E11,-6.122876827298337E10,4.390829084419077E7,12179.206305676948,-28167.386121094587,-37.59310799211066
0-zero-0_0:0:0,-1.3710410971059778E11,-6.366243043384594E10,4.066024631367241E7,12673.952623604278,-27901.561388607413,-41.00880931890391
0-zero-0_0:0:0,-1.3600908020391837E11,-6.607312533782162E10,3.711708518851911E7,13155.446509054695,-27631.69550391922,-43.591122626460006
0-zero-0_0:0:0,-1.3487244962553604E11,-6.846050382936024E10,3.335081219359297E7,13625.599652021636,-27358.094526490982,-45.51808755675904
0-zero-0_0:0:0,-1.3369519781560138E11,-7.082424319644905E10,2.9418049428688988E7,14085.883588012843,-27080.780214432714,-46.93013841249447
0-zero-0_0:0:0,-1.3247817747359708E11,-7.316402260697604E10,2.5363285469849467E7,14537.410839087928,-26799.626668825807,-47.93667913267625
0-zero-0_0:0:0,-1.3122214517709988E11,-7.54795103511626E10,2.122155639278624E7,14981.011379105717,-26514.442219880275,-48.6224678184413
0-zero-0_0:0:0,-1.2992778579394514E11,-7.777035815896025E10,1.7020575173272908E7,15417.297145663179,-26225.016569817915,-49.053088087006536
0-zero-0_0:0:0,-1.2859573132055984E11,-8.003619959059251E10,1.2782388362555543E7,15846.713571542627,-25931.146653685246,-49.279362968620546
0-zero-0_0:0:0,-1.2722657526797856E11,-8.227665066147092E10,8524651.402066728,16269.579565661123,-25632.649809126415,-49.34080336656127
0-zero-0_0:0:0,-1.2582088359350545E11,-8.449131160497943E10,4261605.991195834,16686.11805652236,-25329.36956683974,-49.268256315176195
0-zero-0_0:0:0,-1.2437920299342192E11,-8.667976913555438E10,4828.64556461107,17096.479152104377,-25021.17727691437,-49.0859212853658
0-zero-0_0:0:0,-1.229020671946801E11,-8.884159885227979E10,-4236194.953490994,17500.757656163027,-24707.971485241073,-48.81288018527725
0-zero-0_0:0:0,-1.213900017331876E11,-9.097636758860461E10,-8453627.80149895,17899.006323477002,-24389.6761815003,-48.46425828460954
0-zero-0_0:0:0,-1.1984352758683919E11,-9.308363561068623E10,-1.2640939717289213E7,18291.24591616168,-24066.238563192535,-48.05210691702155
0-zero-0_0:0:0,-1.1826316393968282E11,-9.516295862254607E10,-1.6792641754919875E7,18677.47286226691,-23737.62667592703,-47.58607694234469
0-zero-0_0:0:0,-1.1664943028438295E11,-9.721388956734616E10,-2.0904078802738458E7,19057.665115335967,-23403.827122505034,-47.073934774140966
0-zero-0_0:0:0,-1.1500284801841792E11,-9.923598023073059E10,-2.4971266767224237E7,19431.786660396305,-23064.84293566175,-46.5219596796827
0-zero-0_0:0:0,-1.1332394165095969E11,-1.0122878266037177E11,-2.899076408354882E7,19799.79099758679,-22720.69165347292,-45.93525123021884
0-zero-0_0:0:0,-1.1161323970876819E11,-1.0319185041923183E11,-3.295956978983973E7,20161.623850014283,-22371.403605396634,-45.31796846568519
0-zero-0_0:0:0,-1.0987127540812695E11,-1.051247396907381E11,-3.687504226527493E7,20517.22527996008,-22017.02040050203,-44.67351691645413
0-zero-0_0:0:0,-1.080985871439384E11,-1.0702701025334148E11,-4.0734834126856565E7,20866.53135143571,-21657.59360151933,-44.004695608695776
0-zero-0_0:0:0,-1.0629571883517436E11,-1.0889822634051274E11,-4.4536839827447884E7,21209.475442978775,-21293.183565277515,-43.31381320125115
0-zero-0_0:0:0,-1.04463220156901E11,-1.1073795740055272E11,-4.827915328803598E7,21545.989289279583,-20923.85842970777,-42.60278018686059
0-zero-0_0:0:0,-1.0260164668230725E11,-1.1254577876887947E11,-5.1960033496180736E7,21876.003811392042,-20549.693228603497,-41.87318243758809
0-zero-0_0:0:0,-1.0071155995300298E11,-1.1432127226383081E11,-5.557787645878835E7,22199.44978119576,-20170.769116998308,-41.12634013563691
0-zero-0_0:0:0,-9.879352749190767E10,-1.1606402671553946E11,-5.913119224650738E7,22516.258355193404,-19787.17269192825,-40.36335519841523
0-zero-0_0:0:0,-9.684812277001895E10,-1.1777363843612206E11,-6.2618586135650456E7,22826.36150473757,-19398.995395252023,-39.58514960160631
0-zero-0_0:0:0,-9.487592513600963E10,-1.1944971163827184E11,-6.6038743061229244E7,23129.692363719332,-19006.33298699285,-38.79249646814581
0-zero-0_0:0:0,-9.287751971578427E10,-1.2109185880834802E11,-6.939041475607704E7,23426.18551012811,-18609.28507928397,-37.986045381778126
0-zero-0_0:0:0,-9.08534972877092E10,-1.2269970103919815E11,-7.267240907706267E7,23715.777194350063,-18207.95472242926,-37.16634306979707
0-zero-0_0:0:0,-8.880445413811736E10,-1.2427286832721603E11,-7.588358111829314E7,23998.40552434399,-17802.448035834128,-36.33385035737141
0-zero-0_0:0:0,-8.673099190081404E10,-1.258109998375121E11,-7.902282578917003E7,24274.010615722585,-17392.87387763318,-35.48895610817683
0-zero-0_0:0:0,-8.463371738361562E10,-1.2731374414053961E11,-8.208907159691651E7,24542.534713125347,-16979.34354775742,-34.63198871994947
0-zero-0_0:0:0,-8.251324238440158E10,-1.2878075942306586E11,-8.508127542232014E7,24803.922287987356,-16561.97051996441,-33.763225629318896
0-zero-0_0:0:0,-8.037018349871947E10,-1.3021171367599078E11,-8.799841811669329E7,25058.12011680203,-16140.870199017538,-32.88290119053889
0-zero-0_0:0:0,-7.820516192062778E10,-1.316062848611859E11,-9.083950077955584E7,25305.077343183457,-15716.159699762642,-31.99121322196036
0-zero-0_0:0:0,-7.601880323817673E10,-1.3296416105924539E11,-9.360354160193321E7,25544.745526406583,-15287.957645326154,-31.088328458057973
0-zero-0_0:0:0,-7.38117372246952E10,-1.3428504059980157E11,-9.628957318070942E7,25777.07867860548,-14856.383982062323,-30.174387100303463
0-zero-0_0:0:0,-7.15845976268637E10,-1.3556863217585176E11,-9.889664022617564E7,26002.033292412558,-14421.559809218606,-29.24950662469871
0-zero-0_0:0:0,-6.933802195039925E10,-1.3681465494336826E11,-1.014237975985496E8,26219.56836050391,-13983.607221578122,-28.313784975432167
0-zero-0_0:0:0,-6.707265124405171E10,-1.380228386073126E11,-1.0387010862042694E8,26429.645388260746,-13542.649163583974,-27.36730325142761
0-zero-0_0:0:0,-6.478912988250598E10,-1.3919292349504623E11,-1.0623464362135029E8,26632.2284005516,-13098.809293659422,-26.410127974365658
0-zero-0_0:0:0,-6.2488105348698326E10,-1.403246606180184E11,-1.0851647867833549E8,26827.28394347406,-12652.211857616061,-25.44231301217859
0-zero-0_0:0:0,-6.017022801598217E10,-1.4141781172251642E11,-1.1071469452258772E8,27014.78108176073,-12202.981570194335,-24.46390122033927
0-zero-0_0:0:0,-5.783615093051804E10,-1.424721493301812E11,-1.1282837558802503E8,27194.6913924453,-11751.24350391113,-23.474925853922887
0-zero-0_0:0:0,-5.548652959421077E10,-1.4348745676891913E11,-1.1485660918180397E8,27366.98895529608,-11297.122984501235,-22.475411795961442
0-zero-0_0:0:0,-5.312202174847319E10,-1.4446352819478003E11,-1.1679848476097503E8,27531.650340452416,-10840.745492336328,-21.465376641664196
0-zero-0_0:0:0,-5.0743287159058105E10,-1.454001686053179E11,-1.1865309330281483E8,27688.654593640364,-10382.236569289147,-20.44483167333499
0-zero-0_0:0:0,-4.835098740216758E10,-1.4629719384490448E11,-1.2041952675939097E8,27837.9832192957,-9921.72173058389,-19.413782757017024
0-zero-0_0:0:0,-4.594578565202043E10,-1.4715443060242694E11,-1.2209687758959724E8,27979.62016188219,-9459.326381238294,-18.37223118881722
0-zero-0_0:0:0,-4.352834647003381E10,-1.4797171640176593E11,-1.2368423836431105E8,28113.551785659696,-8995.175736759753,-17.320174516313177
0-zero-0_0:0:0,-4.1099335595752815E10,-1.4874889958542197E11,-1.2518070144252051E8,28239.766853128203,-8529.394747808301,-16.257607358266625
0-zero-0_0:0:0,-3.865941973964254E10,-1.494858392916326E11,-1.2658535871827476E8,28358.25650234947,-8062.108028584285,-15.18452224392501
0-zero-0_0:0:0,-3.620926637783955E10,-1.5018240542530228E11,-1.2789730144014987E8,28469.014223326398,-7593.439788738597,-14.100910491383898
0-zero-0_0:0:0,-3.3749543548944145E10,-1.508384786230493E11,-1.2911562010660544E8,28572.035833600716,-7123.513768639084,-13.006763142733613
0-zero-0_0:0:0,-3.1280919652921043E10,-1.514539502126597E11,-1.3023940444213763E8,28667.319453211767,-6652.453177858408,-11.902071971977698
0-zero-0_0:0:0,-2.8804063252163548E10,-1.5202872216722665E11,-1.312677434605165E8,28754.86547914224,-6180.38063677647,-10.78683057996886
0-zero-0_0:0:0,-2.631964287476566E10,-1.5256270705424414E11,-1.3219972562262581E8,28834.676559360752,-5707.418121214853,-9.661035588861164
0-zero-0_0:0:0,-2.3828326820036892E10,-1.530558279799171E11,-1.3303443909750342E8,28906.757566555716,-5233.6869100415315,-8.524687946841148
0-zero-0_0:0:0,-2.1330782966286476E10,-1.535080185289447E11,-1.337709721361105E8,28971.11557164002,-4759.307535701749,-7.377794352196499
0-zero-0_0:0:0,-1.882767858089678E10,-1.5391922270002933E11,-1.3440841356814027E8,29027.75981709152,-4284.399737645505,-6.220368804128003
0-zero-0_0:0:0,-1.6319680132700071E10,-1.542893948373619E11,-1.3494585343281692E8,29076.70169018019,-3809.082418633754,-5.052434286117456
0-zero-0_0:0:0,-1.3807453106668503E10,-1.5461849955833188E11,-1.3538238375513747E8,29117.954696118897,-3333.4736039144054,-3.874024586123806
0-zero-0_0:0:0,-1.129166182092383E10,-1.5490651167771008E11,-1.3571709947937858E8,29151.53443116105,-2857.6904032656985,-2.6851862563673263
0-zero-0_0:0:0,-8.772969246071516E9,-1.5515341612855225E11,-1.359490995719287E8,29177.45855565484,-2381.848975908512,-1.4859807139342192
0-zero-0_0:0:0,-6.252036826862938E9,-1.5535920788007074E11,-1.3607748830561262E8,29195.746767050063,-1906.0644982908445,-0.27648648183414815
0-zero-0_0:0:0,-3.7295243061898127E9,-1.5552389185272308E11,-1.361013767376431E8,29206.42077283976,-1430.4511347468815,0.9431984315938804
0-zero-0_0:0:0,-1.2060895514164577E9,-1.5564748283076523E11,-1.3601988439315337E8,29209.50426340493,-955.1220110296389,2.172954018971912
0-zero-0_0:0:0,1.3176116169417286E9,-1.557300053725182E11,-1.358321411659142E8,29205.0228847162,-480.18919070994133,3.41263563211717
0-zero-0_0:0:0,3.840925594181208E9,-1.5577149371859552E11,-1.3553728944729927E8,29193.004210831965,-5.763654425035213,4.6620712209775945
0-zero-0_0:0:0,6.363201157997089E9,-1.5577199169833783E11,-1.351344864938068E8,29173.477716118043,468.04471805284317,5.921058464868883
0-zero-0_0:0:0,8.88378963266969E9,-1.5573155263469806E11,-1.3462290704244214E8,29146.474747099615,941.127162974598,7.1893618107872275
0-zero-0_0:0:0,1.1402045050819096E10,-1.5565023924781705E11,-1.3400174618199013E8,29112.02849384287,1413.3760450670957,8.466709437046914
0-zero-0_0:0:0,1.3917324312687119E10,-1.5552812355752325E11,-1.3327022248662928E8,29070.17396075141,1884.684867374774,9.752790164209193
0-zero-0_0:0:0,1.642898734289604E10,-1.553652867849821E11,-1.324275814164416E8,29020.947936652294,2354.94827861528,11.047250339132514
0-zero-0_0:0:0,1.89363972446228E10,-1.5516181925370972E11,-1.3147309898714055E8,28964.38896403893,2824.0620782107726,12.34969072186304
0-zero-0_0:0:0,2.143892045111576E10,-1.549178202901523E11,-1.3040608570877159E8,28900.537307334092,3291.923219198209,13.659663408839045
0-zero-0_0:0:0,2.3935926874469425E10,-1.5463339812401358E11,-1.2922589079024789E8,28829.434920036838,3758.4298092688045,14.976668829320802
0-zero-0_0:0:0,2.6426790051560608E10,-1.5430866978849277E11,-1.2793190660339457E8,28751.125410623205,4223.4811102386275,16.300152854867747
0-zero-0_0:0:0,2.8910887287038452E10,-1.5394376102056815E11,-1.26523573396734E8,28665.654007082972,4686.977536308476,17.629504063832933
0-zero-0_0:0:0,3.138759979325042E10,-1.535388061614311E11,-1.2500038424561884E8,28573.06751999462,5148.820651531095,18.96405120398537
0-zero-0_0:0:0,3.3856312826977955E10,-1.530939480571388E11,-1.233618902215945E8,28473.414304068458,5608.91316696658,20.303060896243927
0-zero-0_0:0:0,3.631641582284947E10,-1.5260933795951288E11,-1.2160770576015902E8,28366.744218124535,6067.158938071494,21.645735620857522
0-zero-0_0:0:0,3.876730252329543E10,-1.520851354272635E11,-1.1973751420251693E8,28253.108583517467,6523.462962932589,22.991212023945835
0-zero-0_0:0:0,4.120837110491134E10,-1.515215082272661E11,-1.17751073483648E8,28132.560141075177,6977.731382021079,24.33855957689822
0-zero-0_0:0:0,4.3639024301100235E10,-1.509186322358595E11,-1.15648221936204E8,28005.153006682212,7429.87148020687,25.686779613519004
0-zero-0_0:0:0,4.605866952087758E10,-1.5027669133996964E11,-1.1342888417759596E8,27870.942625710406,7879.791691833242,27.03480475985314
0-zero-0_0:0:0,4.846671896373896E10,-1.4959587733779526E11,-1.1109307704634465E8,27729.985726579376,8327.401609710481,28.381498759220506
0-zero-0_0:0:0,5.086258973051542E10,-1.4887638983871628E11,-1.0864091555354801E8,27582.34027381529,8772.611998941667,29.725656680081297
0-zero-0_0:0:0,5.324570393017306E10,-1.4811843616200772E11,-1.0607261881638898E8,27428.06542106741,9215.334816545768,31.066005476950092
0-zero-0_0:0:0,5.561548878255328E10,-1.4732223123385815E11,-1.0338851594318049E8,27267.221464636303,9655.483237893413,32.401204854718785
0-zero-0_0:0:0,5.797137671709786E10,-1.4648799748210416E11,-1.0058905184373279E8,27099.869798164043,10092.97169102159,33.72984836451871
0-zero-0_0:0:0,6.031280546765923E10,-1.4561596472799988E11,-9.767479294503838E7,26926.072869233645,10527.715899948167,35.05046463473004
0-zero-0_0:0:0,6.263921816356102E10,-1.4470637007424435E11,-9.46464328005977E7,26745.89413872156,10959.632938170396,36.36151861398656
0-zero-0_0:0:0,6.495006341714656E10,-1.4375945778838644E11,-9.150479759234926E7,26559.39804384315,11388.641293609438,37.66141267399726
0-zero-0_0:0:0,6.7244795408134605E10,-1.427754791806186E11,-8.82508515373159E7,26366.64996592714,11814.660946363547,38.94848738855103
0-zero-0_0:0:0,6.95228739651907E10,-1.4175469247485278E11,-8.48857022269451E7,26167.716204053253,12237.613460765502,40.22102177080321
0-zero-0_0:0:0,7.17837646452209E10,-1.4069736267184265E11,-8.14106059459477E7,25962.66395579122,12657.422093417563,41.47723271318006
0-zero-0_0:0:0,7.402693881100127E10,-1.3960376140297137E11,-7.782697303952895E7,25751.56130639468,13074.011919114217,42.71527333187219
0-zero-0_0:0:0,7.625187370787376E10,-1.384741667731599E11,-7.41363734236552E7,25534.477227938674,13487.309976877528,43.933229869256245
0-zero-0_0:0:0,7.845805254036766E10,-1.373088631911577E11,-7.034054236295146E7,25311.48159005571,13897.245438743883,45.129116750289036
0-zero-0_0:0:0,8.064496454974847E10,-1.3610814118525023E11,-6.644138667572649E7,25082.645184138364,14303.749804481778,46.300869319599435
0-zero-0_0:0:0,8.281210509365804E10,-1.34872297202143E11,-6.24409915665131E7,24848.039763156477,14706.757126122042,47.446333700036845
0-zero-0_0:0:0,8.495897572919475E10,-1.3360163338644606E11,-5.834162833482991E7,24607.738099611426,15106.204267087913,48.56325310451728
0-zero-0_0:0:0,8.708508430100117E10,-1.3229645733776967E11,-5.414576326659962E7,24361.81406465428,15502.031201878533,49.64924979257712
0-zero-0_0:0:0,8.91899450361873E10,-1.3095708184192737E11,-4.985606808452095E7,24110.34273207683,15894.181363758855,50.70180167945052
0-zero-0_0:0:0,9.127307864823874E10,-1.295838245720986E11,-4.547543241941643E7,23853.40051180842,16282.60204983871,51.718212362800905
0-zero-0_0:0:0,9.333401245245898E10,-1.2817700775499254E11,-4.100697887127043E7,23591.065318804744,16667.244895414522,52.69557300849891
0-zero-0_0:0:0,9.537228049600371E10,-1.2673695779602872E11,-3.645408136333613E7,23323.416784917787,17048.066432676304,53.63071410147078
0-zero-0_0:0:0,9.738742370622061E10,-1.2526400485624548E11,-3.1820387664969057E7,23050.536523658106,17425.0287530949,54.52014447757233
0-zero-0_0:0:0,9.937899006186467E10,-1.2375848237197809E11,-2.7109847182106808E7,22772.50846094181,17798.10029833952,55.359974246252584
0-zero-0_0:0:0,1.0134653479289005E11,-1.2222072650620155E11,-2.2326745407230586E7,22489.419249301227,18167.256811911655,56.145817102713615
0-zero-0_0:0:0,1.0328962061602968E11,-1.2065107551765239E11,-1.747574680955613E7,22201.358789136964,18532.482493497497,56.87266598234586
0-zero-0_0:0:0,1.0520781801541112E11,-1.190498690302142E11,-1.2561948468681447E7,21908.42088915175,18893.771411313774,57.53473383623209
0-zero-0_0:0:0,1.0710070558023383E11,-1.1741744718027669E11,-7590947.465230995,21610.704110265728,19251.129245873402,58.12524821298932
0-zero-0_0:0:0,1.0896787041536078E11,-1.1575414961343323E11,-2568926.0196287176,21308.31285480393,19604.5754637252,58.636183872270244
0-zero-0_0:0:0,1.1080890864601584E11,-1.1406031429336737E11,2497240.2669354314,21001.358788270925,19954.146054965102,59.05791113186191
0-zero-0_0:0:0,1.1262342604532245E11,-1.1233627607421838E11,7599843.7887283005,20689.962718871742,20299.897018445627,59.37872795609244
0-zero-0_0:0:0,1.1441103882423297E11,-1.1058236497182468E11,1.2730165884134687E7,20374.257117038353,20641.90885099596,59.58422913322848
0-zero-0_0:0:0,1.1617137463914508E11,-1.0879890404709863E11,1.7878243281245627E7,20054.389545047346,20980.29240320058,59.65644329032236
0-zero-0_0:0:0,1.1790407389583717E11,-1.069862067834621E11,2.3032559981529478E7,19730.5274047908,21315.196622958585,59.57263291145024
0-zero-0_0:0:0,1.196087914636111E11,-1.0514457379523848E11,2.817963546507878E7,19402.864633646834,21646.818949586395,59.30359517599634
0-zero-0_0:0:0,1.2128519896795819E11,-1.0327428863799422E11,3.330346608828486E7,19071.63134457505,21975.419496554023,58.81120657494786
0-zero-0_0:0:0,1.2293298791612947E11,-1.0137561239349194E11,3.838475433636036E7,18737.1080285517,22301.34075730691,58.04479276215917
0-zero-0_0:0:0,1.2455187404979634E11,-9.944877655206062E10,4.339982443101091E7,18399.647028657633,22625.035539266522,56.93562108378024
0-zero-0_0:0:0,1.2614160355307236E11,-9.7493973481468E10,4.831906209264952E7,18059.705980503113,22947.107452150216,55.38829518338478
0-zero-0_0:0:0,1.2770196214978783E11,-9.551134339760222E10,5.310461079649396E7,17717.901678404225,23268.371058333527,53.266846136489875
0-zero-0_0:0:0,1.2923278885480196E11,-9.35009561381622E10,5.770686630268669E7,17375.10031107616,23589.94369804042,50.371350932901386
0-zero-0_0:0:0,1.3073399752167894E11,-9.14627850026515E10,6.205895102328937E7,17032.575722171423,23913.38986832185,46.396774296664134
0-zero-0_0:0:0,1.3220561206407455E11,-8.93966681180285E10,6.606763232252115E7,16692.30248337899,24240.955300356363,40.8564526523779
0-zero-0_0:0:0,1.336478269986385E11,-8.730224958007771E10,6.95976298316866E7,16357.535123626163,24575.95722293022,32.930225004175306
0-zero-0_0:0:0,1.3506111803331981E11,-8.517888687601654E10,7.244280127204734E7,16034.046517115177,24923.443548844523,21.138190652834737
0-zero-0_0:0:0,1.3644645965239856E11,-8.302550135339638E10,7.426914094445226E7,15733.038415815307,25291.254060069612,2.56967330389741
0-zero-0_0:0:0,1.37805794171525E11,-8.084033700260637E10,7.4491160717909E7,15478.771432812056,25691.159382747002,-29.152362119144737
0-zero-0_0:0:0,1.3914316002331995E11,-7.862062083193703E10,7.19723966308149E7,15330.594690258158,26134.957118995622,-89.81065239489446
0-zero-0_0:0:0,1.4046772340455826E11,-7.63625605368558E10,6.421275626389601E7,15438.419463040203,26579.4370740178,-219.93684220668717
0-zero-0_0:0:0,1.4180160284616492E11,-7.406609717366066E10,4.521021309723824E7,15897.931928158056,26625.489399630653,-448.552243770749
0-zero-0_0:0:0,1.4317518416475778E11,-7.176565488953258E10,6455299.235445529,15839.921166412727,26244.46155782356,-542.7448638027827
0-zero-0_0:0:0,1.4454375335353583E11,-6.949813341093661E10,-4.04378569971149E7,15411.046541874603,26145.782585641507,-535.6130062479016
0-zero-0_0:0:0,1.4587526777475378E11,-6.7239137795537186E10,-8.671482073693359E7,14949.29258837252,26207.722920839173,-518.6837708636114
0-zero-0_0:0:0,1.4716688665438916E11,-6.497479053517668E10,-1.3152909853954962E8,14500.491667152774,26327.83652150075,-505.063016208336
0-zero-0_0:0:0,1.4841972913443115E11,-6.270006545971902E10,-1.7516654313994986E8,14063.855938744362,26468.921207809028,-494.8189096966196
0-zero-0_0:0:0,1.4963484628753867E11,-6.041315066736432E10,-2.179188969377378E8,13635.288388115463,26616.772576123094,-486.9401383236644
0-zero-0_0:0:0,1.5081293520427185E11,-5.8113461516787285E10,-2.599905248889024E8,13211.838770414972,26765.223613540875,-480.6553244724877
0-zero-0_0:0:0,1.519544380740357E11,-5.5800946196577354E10,-3.015191449233253E8,12791.640408464727,26911.27421342966,-475.4569945784504
0-zero-0_0:0:0,1.5305963580532706E11,-5.347581210453703E10,-3.4259862925490344E8,12373.527284938687,27053.327307270418,-471.013832091658
0-zero-0_0:0:0,1.5412870856274576E11,-5.1138404625188866E10,-3.832942243476227E8,11956.765844304527,27190.471543376745,-467.1048837936387
0-zero-0_0:0:0,1.5516177313169366E11,-4.878914788384112E10,-4.236520863073931E8,11540.892476064844,27322.158818247248,-463.578764121869
0-zero-0_0:0:0,1.5615890624162567E11,-4.642851336194456E10,-4.6370529152752256E8,11125.61634659007,27448.046720610753,-460.3289792777466
0-zero-0_0:0:0,1.5712015949397104E11,-4.405700212528379E10,-5.034777153371199E8,10710.760243532017,27567.91604167445,-457.2788010575333
0-zero-0_0:0:0,1.580455691790122E11,-4.167513417928312E10,-5.429866037484908E8,10296.223594204606,27681.625013831723,-454.3717691072838
0-zero-0_0:0:0,1.5893516289755148E11,-3.928344177808806E10,-5.822443245993601E8,9881.95869350151,27789.082648555624,-451.56556839720776
0-zero-0_0:0:0,1.5978896412867E11,-3.688246503725285E10,-6.212595897088789E8,9467.955009323767,27890.23253423455,-448.8279800096584
0-zero-0_0:0:0,1.606069954414756E11,-3.447274894629499E10,-6.600383271817133E8,9054.228560859594,27985.042623165795,-446.1341382301319
0-zero-0_0:0:0,1.6138928078913385E11,-3.2054841263653465E10,-6.985843167247968E8,8640.814565141778,28073.49858262149,-443.46463119759545
0-zero-0_0:0:0,1.621358471675621E11,-2.9629290986114967E10,-7.368996608602691E8,8227.762240020074,28155.599339544337,-440.80415903157746
0-zero-0_0:0:0,1.6284672582509982E11,-2.7196647203178337E10,-7.749851402005974E8,7815.1310615607545,28231.354016081033,-438.1405683390003
0-zero-0_0:0:0,1.6352195314881866E11,-2.4757458216188934E10,-8.128404853050871E8,7402.988022425025,28300.779770511464,-435.46414587899983
0-zero-0_0:0:0,1.6416157131395618E11,-2.2312270844016743E10,-8.504645875090327E8,6991.405592056132,28363.900241621945,-432.7670939196331
0-zero-0_0:0:0,1.6476562875710983E11,-1.9861629863140606E10,-8.87855664423689E8,6580.460177398512,28420.744403898454,-430.04313510097154
0-zero-0_0:0:0,1.6533418051643707E11,-1.740607754664378E10,-9.25011391296413E8,6170.2309462721805,28471.34570783546,-427.2872110209821
0-zero-0_0:0:0,1.6586728847019498E11,-1.4946153277486795E10,-9.619290063286258E8,5760.798917372529,28515.741421625466,-424.49524960273146
0-zero-0_0:0:0,1.6636502149665598E11,-1.2482393218658356E10,-9.986053958943018E8,5352.24624897659,28553.972117402987,-421.66398359381543
0-zero-0_0:0:0,1.6682745557256757E11,-1.0015330027714737E10,-1.0350371640768074E9,4944.655677630635,28586.081262818123,-418.7908075333432
0-zero-0_0:0:0,1.6725467382311484E11,-7.545492606607251E9,-1.0712206898476882E9,4538.11007139878,28612.11489044174,-415.87366398004207
0-zero-0_0:0:0,1.676467665332837E11,-5.073405880073085E9,-1.1071521744155638E9,4132.692071605227,28632.12132544927,-412.91095222798236
0-zero-0_0:0:0,1.680038311282704E11,-2.599590597554268E9,-1.1428276806880615E9,3728.4838036640585,28646.150957496906,-409.90145447032666
0-zero-0_0:0:0,1.6832597212890695E11,-1.2456315482653522E8,-1.1782431663542976E9,3325.5666423927955,28654.256046519487,-406.8442756222246
0-zero-0_0:0:0,1.686133010868097E11,2.3511645675927486E9,-1.2133945117680578E9,2924.0210207076066,28656.490554877677,-403.73879392637707
0-zero-0_0:0:0,1.6886593650299884E11,4.82708535153418E9,-1.2482775435632968E9,2523.926273178595,28652.910000213767,-400.58462013744986
0-zero-0_0:0:0,1.6908400373300146E11,7.302696775552649E9,-1.2828880547431724E9,2125.3605078444057,28643.571324773977,-397.38156358234767
0-zero-0_0:0:0,1.692676348808792E11,9.77750133801312E9,-1.3172218218366873E9,1728.4005011285667,28628.532777978533,-394.12960376973393
0-zero-0_0:0:0,1.6941696868417673E11,1.2251006570030466E10,-1.3512746196023924E9,1333.1216117938898,28607.853809776858,-390.8288665075078
0-zero-0_0:0:0,1.6953215039143573E11,1.4722725139195187E10,-1.385042233668641E9,939.5977107074018,28581.594972889034,-387.4796037050387
0-zero-0_0:0:0,1.6961333163364084E11,1.71921749448528E10,-1.4185204714287565E9,547.9011238324138,28549.817832458615,-384.08217620495674
0-zero-0_0:0:0,1.6966067029073996E11,1.9658879205577225E10,-1.4517051714528646E9,158.1025863643307,28512.58488196318,-380.6370391196643
0-zero-0_0:0:0,1.6967433035420184E11,2.2122366539378845E10,-1.4845922116328037E9,-229.72879368234453,28469.959464474287,-377.1447292496021
0-zero-0_0:0:0,1.696544817864277E11,2.4582171037109425E10,-1.5171775162399693E9,-615.5255638207009,28422.005698547116,-373.6058542404372
0-zero-0_0:0:0,1.696013003777136E11,2.7037832329463894E10,-1.549457062046343E9,-999.2219485129585,28368.788408165812,-370.02108319976674
0-zero-0_0:0:0,1.6951496760136206E11,2.948889564792942E10,-1.5814268836348028E9,-1380.7538646136768,28310.373056284086,-366.3911385444421
0-zero-0_0:0:0,1.6939567046745944E11,3.1934911879992367E10,-1.6130830780050426E9,-1760.0589316255741,28246.82568158935,-362.7167888900678
0-zero-0_0:0:0,1.69243601375767E11,3.437543761888168E10,-1.6444218085651443E9,-2137.0764774331146,28178.212838188334,-358.9988428268027
0-zero-0_0:0:0,1.690589579681168E11,3.681003520810116E10,-1.67543930858538E9,-2511.747540076936,28104.60153796725,-355.2381434519552
0-zero-0_0:0:0,1.6884194298065414E11,3.923827278098153E10,-1.706131884179629E9,-2884.0148660488626,28026.059195423168,-351.4355635513141
0-zero-0_0:0:0,1.685927640962275E11,4.1659724295466095E10,-1.7364959168704627E9,-3253.822905518874,27942.653574797918,-347.5920013386837
0-zero-0_0:0:0,1.6831163379719067E11,4.4073969564328636E10,-1.766527865786125E9,-3621.1178048489473,27854.452739373548,-343.70837667748845
0-zero-0_0:0:0,1.679987692188517E11,4.648059428101051E10,-1.79622426953106E9,-3985.847396701868,27761.525002810453,-339.78562772017926
0-zero-0_0:0:0,1.6765439200377667E11,4.8879190041253334E10,-1.8255817477660835E9,-4347.961188014022,27663.93888242708,-335.8247079110046
0-zero-0_0:0:0,1.6727872815713226E11,5.126935436069503E10,-1.8545970025295942E9,-4707.41034606841,27561.763054334268,-331.8265833058797
0-zero-0_0:0:0,1.6687200790323196E11,5.365069068858951E10,-1.883266819327222E9,-5064.147682876465,27455.066310348808,-327.79223016990636
0-zero-0_0:0:0,1.6643446554343143E11,5.602280841780364E10,-1.911588068013902E9,-5418.127638053826,27343.91751661997,-323.7226328188067
0-zero-0_0:0:0,1.6596633931550357E11,5.838532289123961E10,-1.9395577034894469E9,-5769.306260355204,27228.38557391016,-319.61878167533285
0-zero-0_0:0:0,1.654678712546089E11,6.073785540482545E10,-1.9671727662261956E9,-6117.641188016366,27108.539379476828,-315.48167151576024
0-zero-0_0:0:0,1.6493930705596426E11,6.308003320721224E10,-1.9944303826451573E9,-6463.091628036446,26984.44779050761,-311.3122998849923
0-zero-0_0:0:0,1.643808959393019E11,6.54114894963121E10,-2.0213277653552206E9,-6805.618334521032,26856.179589064406,-307.1116656617058
0-zero-0_0:0:0,1.6379289051519928E11,6.773186341280727E10,-2.0478622132683918E9,-7145.183586195259,26723.803448495386,-302.88076775743195
0-zero-0_0:0:0,1.6317554665335202E11,7.004080003075726E10,-2.074031111602634E9,-7481.751163186415,26587.38790127621,-298.6206039355703
0-zero-0_0:0:0,1.6252912335285272E11,7.233795034542752E10,-2.0998319317826672E9,-7815.2863231669,26447.001308243907,-294.3321697381284
0-zero-0_0:0:0,1.618538826145311E11,7.46229712584598E10,-2.1252622312480414E9,-8145.7557769407695,26302.711829188316,-290.01645750951906
0-zero-0_0:0:0,1.611500893154034E11,7.689552556050166E10,-2.1503196531768637E9,-8473.127663550309,26154.5873947674,-285.6744555080642
0-zero-0_0:0:0,1.6041801108527267E11,7.915528191140956E10,-2.1750019261327605E9,-8797.37152497298,26002.695679713663,-281.3071470969915
0-zero-0_0:0:0,1.59657918185515E11,8.140191481813683E10,-2.1993068636419406E9,-9118.458280473635,25847.104077299762,-276.9155100076841
0-zero-0_0:0:0,1.588700833900821E11,8.363510461041553E10,-2.2232323637066045E9,-9436.360200671963,25687.879675032127,-272.5005156687887
0-zero-0_0:0:0,1.5805478186874405E11,8.58545374143383E10,-2.246776408260388E9,-9751.050881380623,25525.08923154183,-268.0631285955144
0-zero-0_0:0:0,1.5721229107259277E11,8.805990512394351E10,-2.26993706257104E9,-10062.505217265465,25358.79915464251,-263.60430583408606
0-zero-0_0:0:0,1.5634289062182104E11,9.025090537090463E10,-2.292712474595105E9,-10370.699375375496,25189.075480525433,-259.124996456862
0-zero-0_0:0:0,1.554468621957886E11,9.242724149242203E10,-2.315100874288978E9,-10675.61076858681,25015.983854062208,-254.6261411041019
0-zero-0_0:0:0,1.545244894253827E11,9.458862249741301E10,-2.3371005728803725E9,-10977.21802900154,24839.589510185844,-250.1086715687828
0-zero-0_0:0:0,1.5357605778767697E11,9.673476303109306E10,-2.358709962103915E9,-11275.500981339967,24659.957256321206,-245.5735104212224
0-zero-0_0:0:0,1.526018545028892E11,9.886538333803922E10,-2.379927513404309E9,-11570.440616361193,24477.15145583611,-241.02157067058226
0-zero-0_0:0:0,1.516021684336356E11,1.0098020922382346E11,-2.400751777110247E9,-11862.019064345293,24291.23601248457,-236.45375546059984
0-zero-0_0:0:0,1.5057728998647617E11,1.0307897201530212E11,-2.421181381582043E9,-12150.21956866745,24102.274355814,-231.87095779713886
0-zero-0_0:0:0,1.495275110157433E11,1.0516140851964445E11,-2.441215032335716E9,-12435.026459492416,23910.32942750832,-227.27406030536022
0-zero-0_0:0:0,1.4845312472964313E11,1.0722726098218117E11,-2.460851511146099E9,-12716.42512761558,23715.46366863931,-222.66393501450187
0-zero-0_0:0:0,1.4735442559861713E11,1.0927627704315161E11,-2.480089675131352E9,-12994.401998474934,23517.739007798707,-218.04144316842198
0-zero-0_0:0:0,1.4623170926594888E11,1.1130820969342542E11,-2.4989284558211036E9,-13268.944506356484,23317.21685008397,-213.40743506020573
0-zero-0_0:0:0,1.4508527246059967E11,1.1332281722927267E11,-2.517366858210305E9,-13540.041068813855,23113.958066910767,-208.76274988926593
0-zero-0_0:0:0,1.4391541291225415E11,1.1531986320625377E11,-2.535403959800738E9,-13807.681061321293,22908.022986625747,-204.10821563948429
0-zero-0_0:0:0,1.42722429268556E11,1.1729911639229823E11,-2.5530389096319895E9,-14071.854792177686,22699.471385893354,-199.44464897704324
0-zero-0_0:0:0,1.4150662101451184E11,1.1926035072003941E11,-2.570270927303606E9,-14332.553477677828,22488.36248183087,-194.77285516669227
0-zero-0_0:0:0,1.4026828839404047E11,1.212033452384696E11,-2.5870993019900084E9,-14589.769217565734,22274.754924866244,-190.09362800527632
0-zero-0_0:0:0,1.390077323336428E11,1.2312788406397804E11,-2.603523391449664E9,-14843.494970783595,22058.706792293582,-185.4077497714301
0-zero-0_0:0:0,1.3772525436816708E11,1.2503375633083221E11,-2.619542621029916E9,-15093.724531528665,21840.275582501705,-180.71599119041164
0-zero-0_0:0:0,1.36421156568643E11,1.2692075614116035E11,-2.6351564826687675E9,-15340.452505629291,21619.51820985145,-176.0191114131108
0-zero-0_0:0:0,1.3509574147215663E11,1.2878868251449152E11,-2.6503645338948603E9,-15583.674287250138,21396.491000177914,-171.31785800832756
0-zero-0_0:0:0,1.3374931201373822E11,1.3063733933690689E11,-2.66516639682678E9,-15823.38603593568,21171.24968689429,-166.61296696746663
0-zero-0_0:0:0,1.3238217146023338E11,1.3246653530985455E11,-2.679561757172769E9,-16059.584654000018,20943.849407674305,-161.9051627208453
0-zero-0_0:0:0,1.3099462334612778E11,1.3427608389867761E11,-2.69355036323185E9,-16292.267764270167,20714.34470169082,-157.195158164856
0-zero-0_0:0:0,1.2958697141129483E11,1.360658032809037E11,-2.7071320248972936E9,-16521.433688189092,20482.78950738862,-152.4836546992677
0-zero-0_0:0:0,1.281595195406353E11,1.3783551629434207E11,-2.7203066126633105E9,-16747.0814242839,20249.237160769808,-147.77134227398977
0-zero-0_0:0:0,1.2671257170557716E11,1.395850503850326E11,-2.733074056635783E9,-16969.210627003893,20013.740394170803,-143.0588994446582
0-zero-0_0:0:0,1.2524643190740402E11,1.4131423755508896E11,-2.7454343455478015E9,-17187.821585932335,19776.35133551042,-138.34699343643905
0-zero-0_0:0:0,1.2376140412237947E11,1.4302291431047705E11,-2.7573875257807097E9,-17402.915205375197,19537.12150798889,-133.63628021547626
0-zero-0_0:0:0,1.2225779224863506E11,1.447109216087673E11,-2.768933700391327E9,-17614.492984329416,19296.101830218355,-128.92740456744167
0-zero-0_0:0:0,1.20735900054789E11,1.4637810480689816E11,-2.7800730281459537E9,-17822.556996832587,19053.342616765694,-124.22100018267332
0-zero-0_0:0:0,1.1919603113026266E11,1.4802431360898672E11,-2.7908057225617366E9,-18027.109872695466,18808.893579089166,-119.51768974741634
0-zero-0_0:0:0,1.1763848883726178E11,1.4964940201422003E11,-2.8011320509559135E9,-18228.154778618034,18562.803826850773,-114.818085040706
0-zero-0_0:0:0,1.1606357626438918E11,1.5125322826485992E11,-2.8110523335034304E9,-18425.695399689448,18315.121869586783,-110.12278703645737
0-zero-0_0:0:0,1.14471596181856E11,1.528356547943922E11,-2.8205669423033805E9,-18619.735921271607,18065.895618719333,-105.43238601034973
0-zero-0_0:0:0,1.1286285099825813E11,1.5439654817584955E11,-2.8296763004546747E9,-18810.28101126572,17815.172389892534,-100.74746165111621
0-zero-0_0:0:0,1.1123764271888478E11,1.5593577907033627E11,-2.838380881141331E9,-18997.335802760725,17562.998905616954,-96.0685831758709
0-zero-0_0:0:0,1.0959627290552626E11,1.574532221757816E11,-2.8466812067277265E9,-19180.905877062072,17309.421298206922,-91.39630944912659
0-zero-0_0:0:0,1.079390426377481E11,1.5894875617594666E11,-2.854577847864131E9,-19360.997247098992,17054.48511299544,-86.73118910517643
0-zero-0_0:0:0,1.0626625247559874E11,1.6042226368970947E11,-2.862071422602818E9,-19537.616341207995,16798.235311812106,-82.07376067353188
0-zero-0_0:0:0,1.0457820242371837E11,1.6187363122065002E11,-2.869162595525011E9,-19710.76998729006,16540.7162767098,-77.42455270712884
0-zero-0_0:0:0,1.0287519189681651E11,1.6330274910695776E11,-2.875852076878907E9,-19880.4653973386,16281.971813926406,-72.78408391303105
0-zero-0_0:0:0,1.0115751968648645E11,1.64709511471681E11,-2.882140621728993E9,-20046.710152335098,16022.045158068217,-68.15286328537783
0-zero-0_0:0:0,9.942548392932469E10,1.660938161733381E11,-2.8880290291168494E9,-20209.512187508928,15760.978976502203,-63.53139024033908
0-zero-0_0:0:0,9.767938207632391E10,1.674555647569079E11,-2.893518141233615E9,-20368.879777957773,15498.81537394463,-58.920154752855716
0-zero-0_0:0:0,9.591951086350836E10,1.687946624052167E11,-2.898608842604262E9,-20524.821524624684,15235.595897233967,-54.31963749495715
0-zero-0_0:0:0,9.414616628378079E10,1.7011101789073773E11,-2.9033020592838264E9,-20677.346340627773,14971.36154027645,-49.730309975458816
0-zero-0_0:0:0,9.235964355995055E10,1.7140454352781763E11,-2.907598758065706E9,-20826.46343793824,14706.152749152963,-45.15263468085197
0-zero-0_0:0:0,9.056023711891269E10,1.7267515512534445E11,-2.9114999457021313E9,-20972.182314402384,14440.009427376343,-40.58706521720401
0-zero-0_0:0:0,8.874824056694832E10,1.7392277193986978E11,-2.9150066681368976E9,-21114.51274110306,14172.970941288515,-36.0340464528908
0-zero-0_0:0:0,8.692394666611702E10,1.751473166291971E11,-2.9181200097504272E9,-21253.464750056002,13905.076125587284,-31.49401466198231
0-zero-0_0:0:0,8.508764731171219E10,1.7634871520644785E11,-2.9208410926172223E9,-21389.048622236332,13636.363288972889,-26.96739766809998
0-zero-0_0:0:0,8.323963351075098E10,1.775268969946151E11,-2.9231710757757463E9,-21521.274875930543,13366.870219904875,-22.454614988559122
0-zero-0_0:0:0,8.138019536147058E10,1.786817945816149E11,-2.925111154510758E9,-21650.15425540919,13096.634192460155,-17.95607797860384
0-zero-0_0:0:0,7.950962203380322E10,1.7981334377584344E11,-2.9266625596481094E9,-21775.697719915577,12825.691972283566,-13.472189975537164
0-zero-0_0:0:0,7.762820175080252E10,1.8092148356224875E11,-2.9278265568619957E9,-21897.916432965587,12554.079822622623,-9.003346442547
0-zero-0_0:0:0,7.57362217709943E10,1.8200615605892334E11,-2.928604445994632E9,-22016.8217519539,12281.833510438602,-4.54993511203191
0-zero-0_0:0:0,7.383396837162547E10,1.8306730647422525E11,-2.9289975603883114E9,-22132.42521806173,12008.988312586527,-0.11233612824041028
0-zero-0_0:0:0,7.192172683278494E10,1.8410488306443274E11,-2.929007266229791E9,-22244.738546461143,11735.579022057056,4.309077810944851
0-zero-0_0:0:0,6.99997814223707E10,1.8511883709193848E11,-2.9286349619069257E9,-22353.773616811002,11461.63995427368,8.713941313222005
0-zero-0_0:0:0,6.806841538187823E10,1.8610912278398773E11,-2.9278820773774633E9,-22459.542464039394,11187.20495343902,13.101896152197218
0-zero-0_0:0:0,6.612791091298522E10,1.8707569729196487E11,-2.9267500735499134E9,-22562.057269407353,10912.307398924362,17.472591128903705
0-zero-0_0:0:0,6.4178549164908424E10,1.8801852065123193E11,-2.9252404416763763E9,-22661.330351848563,10636.980211696819,21.825681934558137
0-zero-0_0:0:0,6.2220610222508705E10,1.8893755574152255E11,-2.9233547027572303E9,-22757.374159579605,10361.255860778798,26.160831014569958
0-zero-0_0:0:0,6.0254373095121025E10,1.8983276824789383E11,-2.9210944069575715E9,-22850.20126197529,10085.16636973458,30.477707433795384
0-zero-0_0:0:0,5.828011570608636E10,1.907041266222389E11,-2.9184611330352917E9,-22939.82434170355,9808.74332317901,34.775986743012595
0-zero-0_0:0:0,5.629811488296317E10,1.9155160204536157E11,-2.9154564877806954E9,-23026.25618711442,9532.017873303428,39.05535084658843
0-zero-0_0:0:0,5.4308646348396484E10,1.92375168389615E11,-2.9120821054675503E9,-23109.509684877637,9255.020746414071,43.315487871308896
0-zero-0_0:0:0,5.2311984711623055E10,1.9317480218210516E11,-2.9083396473154693E9,-23189.597812863463,8977.782249478321,47.556092036354485
0-zero-0_0:0:0,5.030840346059165E10,1.9395048256846008E11,-2.904230800963528E9,-23266.533633261515,8700.332276674346,51.7768635244141
0-zero-0_0:0:0,4.829817495467786E10,1.9470219127716473E11,-2.899757279955019E9,-23340.3302859324,8422.700315939797,55.977508353946085
0-zero-0_0:0:0,4.62815704179733E10,1.9542991258446194E11,-2.894920823233238E9,-23411.00098198713,8144.915455515446,60.15773825260893
0-zero-0_0:0:0,4.425885993312961E10,1.9613363327981848E11,-2.889723194648213E9,-23478.5589975894,7867.006390479828,64.31727053189637
0-zero-0_0:0:0,4.2230312435737885E10,1.9681334263195593E11,-2.884166182474257E9,-23543.017667975913,7589.001429271185,68.45582796302057
0-zero-0_0:0:0,4.019619570922476E10,1.9746903235544498E11,-2.878251598938252E9,-23604.39038169002,7310.928500193202,72.57313865409257
0-zero-0_0:0:0,3.815677638024674E10,1.9810069657786166E11,-2.8719812797585382E9,-23662.690575024073,7032.815157901267,76.66893592865128
0-zero-0_0:0:0,3.611231991456466E10,1.9870833180750433E11,-2.8653570836943026E9,-23717.9317266659,6754.688589866176,80.74295820559146
0-zero-0_0:0:0,3.4063090613380726E10,1.9929193690166876E11,-2.8583808921053395E9,-23770.127352544947,6476.575622812429,84.79494888053831
0-zero-0_0:0:0,3.2009351610120842E10,1.9985151303547977E11,-2.851054608522061E9,-23819.291000873636,6198.502729128452,88.8246562087113
0-zero-0_0:0:0,2.995136486764536E10,2.0038706367127646E11,-2.8433801582256284E9,-23865.436247379614,5920.49603324625,92.83183318931466
0-zero-0_0:0:0,2.788939117587176E10,2.0089859452854892E11,-2.835359487838072E9,-23908.576690724538,5642.581317988184,96.81623745148568
0-zero-0_0:0:0,2.582369014979316E10,2.013861135544231E11,-2.8269945649222636E9,-23948.7259481052,5364.784030878724,100.77763114182626
0-zero-0_0:0:0,2.375452022787687E10,2.01849630894691E11,-2.81828737759161E9,-23985.897651032767,5087.129290419148,104.71578081353752
0-zero-0_0:0:0,2.1682138670827637E10,2.022891588653832E11,-2.80923993412932E9,-24020.105441286054,4809.6418923233505,108.6304573171718
0-zero-0_0:0:0,1.9606801560700523E10,2.0270471192487994E11,-2.7998542626171165E9,-24051.362967034725,4532.346315713003,112.52143569301224
0-zero-0_0:0:0,1.7528763800348724E10,2.0309630664655756E11,-2.7901324105732403E9,-24079.68387912848,4255.266729270448,116.3884950650858
0-zero-0_0:0:0,1.5448279113192024E10,2.0346396169196652E11,-2.780076444599617E9,-24105.08182754826,3978.4269973478517,120.23141853681254
0-zero-0_0:0:0,1.3365600043291855E10,2.0380769778453738E11,-2.7696884500380363E9,-24127.57045801567,3701.850686031188,124.0499930882905
0-zero-0_0:0:0,1.1280977955719301E10,2.041275376838105E11,-2.758970530635208E9,-24147.1634087568,3425.561069157801,127.84400947521398
0-zero-0_0:0:0,9.194663037202713E9,2.0442350616018573E11,-2.74792480821655E9,-24163.87430741676,3149.581134286332,131.61326212942004
0-zero-0_0:0:0,7.106904297041904E9,2.0469562997018808E11,-2.736553422368568E9,-24177.716768121307,2873.933588617935,135.35754906105734
0-zero-0_0:0:0,5.017949568276224E9,2.0494393783224466E11,-2.7248585301296926E9,-24188.70438868201,2598.640864867756,139.07667176236922
0-zero-0_0:0:0,2.9280455090940986E9,2.0516846040296924E11,-2.712842305689424E9,-24196.850747941484,2323.7251270857732,142.77043511308236
0-zero-0_0:0:0,8.374376044719543E8,2.0536923025394946E11,-2.7005069400956535E9,-24202.16940325528,2049.2082764261486,146.43864728739126
0-zero-0_0:0:0,-1.253629831969302E9,2.0554628184903268E11,-2.687854640970023E9,-24204.67388810713,1775.1119568643335,150.08111966252764
0-zero-0_0:0:0,-3.344913655901758E9,2.0569965152210577E11,-2.6748876322311807E9,-24204.3777098543,1501.4575608612415,153.6976667289037
0-zero-0_0:0:0,-5.43617189003317E9,2.058293774553642E11,-2.6616081538258033E9,-24201.294347599895,1228.2662349738719,157.28810600181728
0-zero-0_0:0:0,-7.5271637216658E9,2.0593549965806595E11,-2.648018461467246E9,-24195.437250188996,955.5588854118325,160.85225793470656
0-zero-0_0:0:0,-9.617649500082129E9,2.0601805994576553E11,-2.6341208263816876E9,-24186.819834325666,683.3561835392824,164.38994583394137
0-zero-0_0:0:0,-1.1707390733767866E10,2.0607710192002332E11,-2.619917535061635E9,-24175.455482807836,411.6785713218651,167.90099577513803
0-zero-0_0:0:0,-1.3796150087482464E10,2.061126709485855E11,-2.6054108890266633E9,-24161.357542877235,140.5462667182689,171.3852365209843
0-zero-0_0:0:0,-1.5883691379187057E10,2.0612481414602997E11,-2.5906032045912504E9,-24144.539324681577,-130.02073098389758,174.84249944056046
0-zero-0_0:0:0,-1.7969779576839546E10,2.0611358035487296E11,-2.575496812639586E9,-24125.01409984628,-400.0026358881751,178.2726184301426
0-zero-0_0:0:0,-2.0054180795066265E10,2.060790201271322E11,-2.560094058407222E9,-24102.79510015308,-669.3798702654793,181.67542983547386
0-zero-0_0:0:0,-2.213666229171949E10,2.0602118570634128E11,-2.544397301269437E9,-24077.89551632292,-938.1330593866446,185.05077237548946
0-zero-0_0:0:0,-2.421699246432979E10,2.0594013101001028E11,-2.5284089145361943E9,-24050.328496900718,-1206.2430264114105,188.39848706748043
0-zero-0_0:0:0,-2.629494084646201E10,2.0583591161252835E11,-2.512131285253564E9,-24020.107147239454,-1473.690787333927,191.71841715368208
0-zero-0_0:0:0,-2.8370278103983498E10,2.057085847285027E11,-2.4955668140114856E9,-23987.244528581297,-1740.4575459848234,195.01040802927187
0-zero-0_0:0:0,-3.0442776031252922E10,2.055582091965296E11,-2.4787179147577567E9,-23951.753657233436,-2006.524689089843,198.2743071717622
0-zero-0_0:0:0,-3.2512207547237892E10,2.0538484546339224E11,-2.4615870146181164E9,-23913.647503836397,-2271.8737813850184,201.50996407177328
0-zero-0_0:0:0,-3.457834669156936E10,2.0518855556868057E11,-2.4441765537223153E9,-23872.938992722677,-2536.4865607883244,204.71723016517117
0-zero-0_0:0:0,-3.6640968620540596E10,2.0496940312982846E11,-2.4264889850360446E9,-23829.64100136358,-2800.3449336277217,207.89595876655602
0-zero-0_0:0:0,-3.869984960305841E10,2.0472745332756302E11,-2.408526774198614E9,-23783.766359902238,-3063.430969925477,211.04600500408594
0-zero-0_0:0:0,-4.075476701655396E10,2.0446277289176144E11,-2.390292399366261E9,-23735.327850770827,-3325.72689873861,214.16722575562173
0-zero-0_0:0:0,-4.2805499342860565E10,2.0417543008771042E11,-2.371788351060975E9,-23684.33820839006,-3587.2151035553165,217.25947958617746
0-zero-0_0:0:0,-4.485182616406547E10,2.0386549470276324E11,-2.3530171320247293E9,-23630.810118949114,-3847.8781177471687,220.32262668666286
0-zero-0_0:0:0,-4.6893528158342674E10,2.035330380333899E11,-2.3339812570790014E9,-23574.75622026417,-4107.698620076897,223.3565288139025
0-zero-0_0:0:0,-4.89303870957735E10,2.0317813287261523E11,-2.31468325298948E9,-23516.189101713877,-4366.659430261525,226.36104923191783
0-zero-0_0:0:0,-5.0962185834161575E10,2.0280085349784064E11,-2.295125658335842E9,-23455.121304249988,-4624.743504590623,229.33605265445775
0-zero-0_0:0:0,-5.298870831484878E10,2.02401275659044E11,-2.275311023386497E9,-23391.56532048162,-4881.933931599429,232.28140518876344
0-zero-0_0:0:0,-5.500973955853839E10,2.0197947656735382E11,-2.255241909978188E9,-23325.533594831504,-5138.213927796565,235.19697428055417
0-zero-0_0:0:0,-5.7025065661131836E10,2.015355348839922E11,-2.234920891400348E9,-23257.038523762745,-5393.566833446078,238.0826286602197
0-zero-0_0:0:0,-5.903447378958494E10,2.0106953070958246E11,-2.2143505522841053E9,-23186.092456074617,-5647.976108403518,240.93823829020653
0-zero-0_0:0:0,-6.103775217778979E10,2.005815455738164E11,-2.1935334884958315E9,-23112.707693265984,-5901.425328005764,243.76367431358415
0-zero-0_0:0:0,-6.303469012248797E10,2.000716624254767E11,-2.1724723070351377E9,-23036.896489964984,-6153.898179014285,246.55880900377892
0-zero-0_0:0:0,-6.502507797922094E10,1.9953996562280988E11,-2.151169625937211E9,-22958.671054423663,-6405.378455611544,249.32351571546215
0-zero-0_0:0:0,-6.700870715832314E10,1.9898654092424503E11,-2.1296280741793952E9,-22878.043549076316,-6655.850055450221,252.05766883658058
0-zero-0_0:0:0,-6.898537012096333E10,1.9841147547945413E11,-2.1078502915919147E9,-22795.02609116028,-6905.2969757549545,254.76114374151643
0-zero-0_0:0:0,-7.095486037523958E10,1.978148578207489E11,-2.0858389287726476E9,-22709.630753398058,-7153.7033094762755,257.43381674536556
0-zero-0_0:0:0,-7.291697247233318E10,1.9719677785481015E11,-2.063596647005848E9,-22621.869564739613,-7401.0532414964255,260.0755650593218
0-zero-0_0:0:0,-7.487150200272668E10,1.9655732685474487E11,-2.0411261181847224E9,-22531.754511163785,-7647.331044886734,262.6862667471561
0-zero-0_0:0:0,-7.681824559249124E10,1.9589659745246664E11,-2.0184300247377682E9,-22439.297536537782,-7892.521077216259,265.26580068277974
0-zero-0_0:0:0,-7.87570008996481E10,1.9521468363139517E11,-1.995511059558776E9,-22344.510543533757,-8136.607776911357,267.8140465088806
0-zero-0_0:0:0,-8.068756661060942E10,1.9451168071947003E11,-1.9723719259404087E9,-22247.405394601512,-8379.575659665892,270.3308845966221
0-zero-0_0:0:0,-8.260974243670299E10,1.9378768538247488E11,-1.9490153375112605E9,-22147.993912996448,-8621.409314901775,272.81619600639476
0-zero-0_0:0:0,-8.452332911078587E10,1.9304279561766736E11,-1.925444018176308E9,-22046.287883861867,-8862.093402279537,275.2698624496108
0-zero-0_0:0:0,-8.642812838395154E10,1.9227711074771042E11,-1.9016607020606616E9,-21942.29905536481,-9101.612648258642,277.69176625153233
0-zero-0_0:0:0,-8.832394302233505E10,1.9149073141490088E11,-1.8776681334565291E9,-21836.039139884637,-9339.951842707265,280.08179031512384
0-zero-0_0:0:0,-9.021057680402109E10,1.9068375957569098E11,-1.8534690667733026E9,-21727.519815253607,-9577.095835561246,282.43981808592054
0-zero-0_0:0:0,-9.2087834516059E10,1.8985629849549847E11,-1.829066266490679E9,-21616.752726048708,-9813.02953353197,284.76573351790427
0-zero-0_0:0:0,-9.395552195158961E10,1.890084527438013E11,-1.804462507114732E9,-21503.749484934102,-10047.737896862911,287.059421040379
0-zero-0_0:0:0,-9.581344590708792E10,1.8814032818951236E11,-1.7796605731368432E9,-21388.521674053496,-10281.20593613458,289.3207655258381
0-zero-0_0:0:0,-9.766141417972615E10,1.8725203199663034E11,-1.7546632589954107E9,-21271.080846471858,-10513.418709117675,291.5496522588166
0-zero-0_0:0:0,-9.949923556486131E10,1.8634367262016257E11,-1.7294733690402489E9,-21151.438527665876,-10744.361317674178,293.74596690572105
0-zero-0_0:0:0,-1.0132671985365164E11,1.8541535980231552E11,-1.7040937174995947E9,-21029.606217062606,-10974.01890470621,295.90959548563126
0-zero-0_0:0:0,-1.0314367783080585E11,1.844672045689489E11,-1.6785271284496362E9,-20905.595389625836,-11202.376651152448,298.0404243420673
0-zero-0_0:0:0,-1.0494992127246951E11,1.8349931922628934E11,-1.6527764357864816E9,-20779.417497489605,-11429.419773031916,300.13834011571635
0-zero-0_0:0:0,-1.0674526294425261E11,1.8251181735789938E11,-1.6268444832004838E9,-20651.083971638494,-11655.133518534984,302.2032297181141
0-zero-0_0:0:0,-1.0852951659940218E11,1.8150481382189795E11,-1.6007341241528387E9,-20520.606223634208,-11879.503165161439,304.23498030627576
