Name=neptune
Mass=1.02413E26
Radius=2.4766E7
Image_Path=/src/main/java/misc/neptuneScaled.png
Icon_Path=/src/main/java/misc/neptuneIcon.png
Start_Time=2021-04-01T00:00
End_Time=2021-04-01T00:00
No_of_Steps=367
$SOE
2021-04-01T00:00,4.382692942729203E12,-9.093501655486243E11,-8.227728929479486E10,1068.410720964204,5354.959501569486,-134.3918199987533
2021-04-01T00:00,4.3827852534154946E12,-9.088874970476887E11,-8.228890074804276E10,1067.8499655815701,5355.075821372169,-134.38129233177622
2021-04-01T00:00,4.382877515652521E12,-9.084248184967222E11,-8.230051129170023E10,1067.2891970035596,5355.192082171474,-134.37076315322543
2021-04-01T00:00,4.382969729439142E12,-9.079621299008225E11,-8.231212092563666E10,1066.7284152361408,5355.30828396597,-134.36023246320855
2021-04-01T00:00,4.3830618947742183E12,-9.074994312650879E11,-8.232372964972148E10,1066.1676202852827,5355.42442675423,-134.34970026183322
2021-04-01T00:00,4.383154011656611E12,-9.070367225946163E11,-8.23353374638241E10,1065.6068121569551,5355.540510534825,-134.33916654920708
2021-04-01T00:00,4.383246080085181E12,-9.065740038945061E11,-8.234694436781395E10,1065.045990857128,5355.656535306331,-134.32863132543784
2021-04-01T00:00,4.383338100058791E12,-9.061112751698556E11,-8.235855036156047E10,1064.4851563917716,5355.77250106732,-134.3180945906332
2021-04-01T00:00,4.383430071576303E12,-9.056485364257634E11,-8.23701554449331E10,1063.9243087668574,5355.888407816369,-134.30755634490086
2021-04-01T00:00,4.3835219946365806E12,-9.051857876673281E11,-8.23817596178013E10,1063.3634479883567,5356.004255552054,-134.29701658834858
2021-04-01T00:00,4.383613869238487E12,-9.047230288996484E11,-8.239336288003453E10,1062.8025740622418,5356.120044272952,-134.28647532108414
2021-04-01T00:00,4.3837056953808857E12,-9.042602601278232E11,-8.240496523150227E10,1062.241686994485,5356.2357739776435,-134.27593254321528
2021-04-01T00:00,4.383797473062642E12,-9.037974813569515E11,-8.2416566672074E10,1061.6807867910595,5356.351444664706,-134.26538825484982
2021-04-01T00:00,4.3838892022826206E12,-9.033346925921326E11,-8.242816720161922E10,1061.1198734579386,5356.46705633272,-134.25484245609562
2021-04-01T00:00,4.3839808830396875E12,-9.028718938384655E11,-8.243976682000743E10,1060.5589470010966,5356.582608980268,-134.24429514706048
2021-04-01T00:00,4.3840725153327085E12,-9.024090851010496E11,-8.245136552710814E10,1059.9980074265075,5356.69810260593,-134.2337463278523
2021-04-01T00:00,4.3841640991605503E12,-9.019462663849844E11,-8.246296332279086E10,1059.4370547401459,5356.8135372082925,-134.22319599857892
2021-04-01T00:00,4.38425563452208E12,-9.014834376953696E11,-8.247456020692514E10,1058.8760889479872,5356.928912785937,-134.2126441593483
2021-04-01T00:00,4.384347121416165E12,-9.010205990373049E11,-8.248615617938051E10,1058.315110056007,5357.044229337452,-134.20209081026834
2021-04-01T00:00,4.384438559841674E12,-9.005577504158901E11,-8.249775124002652E10,1057.7541180701808,5357.15948686142,-134.19153595144704
2021-04-01T00:00,4.384529949797475E12,-9.000948918362253E11,-8.250934538873273E10,1057.193112996485,5357.274685356431,-134.18097958299236
2021-04-01T00:00,4.384621291282438E12,-8.996320233034105E11,-8.25209386253687E10,1056.6320948408963,5357.3898248210735,-134.1704217050123
2021-04-01T00:00,4.384712584295432E12,-8.99169144822546E11,-8.253253094980402E10,1056.0710636093913,5357.504905253935,-134.1598623176149
2021-04-01T00:00,4.384803828835328E12,-8.98706256398732E11,-8.254412236190826E10,1055.5100193079472,5357.619926653607,-134.14930142090827
2021-04-01T00:00,4.384895024900996E12,-8.982433580370692E11,-8.255571286155103E10,1054.9489619425415,5357.73488901868,-134.13873901500045
2021-04-01T00:00,4.384986172491308E12,-8.97780449742658E11,-8.256730244860193E10,1054.3878915191517,5357.849792347748,-134.12817509999957
2021-04-01T00:00,4.3850772716051353E12,-8.973175315205991E11,-8.257889112293057E10,1053.8268080437558,5357.964636639403,-134.11760967601379
2021-04-01T00:00,4.38516832224135E12,-8.968546033759935E11,-8.259047888440659E10,1053.265711522332,5358.079421892239,-134.10704274315125
2021-04-01T00:00,4.3852593243988257E12,-8.96391665313942E11,-8.26020657328996E10,1052.704601960858,5358.194148104853,-134.0964743015202
2021-04-01T00:00,4.385350278076435E12,-8.959287173395458E11,-8.261365166827925E10,1052.143479365313,5358.308815275841,-134.08590435122886
2021-04-01T00:00,4.3854411832730522E12,-8.954657594579059E11,-8.262523669041519E10,1051.582343741675,5358.4234234038,-134.0753328923855
2021-04-01T00:00,4.385532039987552E12,-8.950027916741238E11,-8.26368207991771E10,1051.0211950959228,5358.53797248733,-134.0647599250984
2021-04-01T00:00,4.385622848218808E12,-8.945398139933009E11,-8.264840399443462E10,1050.4600334340355,5358.65246252503,-134.05418544947594
2021-04-01T00:00,4.385713607965697E12,-8.940768264205387E11,-8.265998627605745E10,1049.8988587619915,5358.7668935155025,-134.04360946562645
2021-04-01T00:00,4.3858043192270938E12,-8.93613828960939E11,-8.267156764391528E10,1049.3376710857701,5358.8812654573485,-134.03303197365832
2021-04-01T00:00,4.3858949820018755E12,-8.931508216196034E11,-8.26831480978778E10,1048.7764704113501,5358.995578349172,-134.02245297368
2021-04-01T00:00,4.385985596288919E12,-8.92687804401634E11,-8.269472763781473E10,1048.215256744711,5359.109832189579,-134.0118724657999
2021-04-01T00:00,4.3860761620871016E12,-8.922247773121328E11,-8.270630626359578E10,1047.6540300918318,5359.224026977174,-134.00129045012656
2021-04-01T00:00,4.3861666793953013E12,-8.91761740356202E11,-8.271788397509067E10,1047.092790458692,5359.338162710565,-133.99070692676844
2021-04-01T00:00,4.386257148212397E12,-8.912986935389438E11,-8.272946077216914E10,1046.5315378512707,5359.45223938836,-133.98012189583412
2021-04-01T00:00,4.386347568537267E12,-8.908356368654607E11,-8.274103665470094E10,1045.9702722755478,5359.56625700917,-133.96953535743214
2021-04-01T00:00,4.3864379403687915E12,-8.903725703408551E11,-8.275261162255583E10,1045.4089937375027,5359.680215571606,-133.9589473116711
2021-04-01T00:00,4.3865282637058506E12,-8.899094939702297E11,-8.276418567560356E10,1044.8477022431155,5359.79411507428,-133.9483577586596
2021-04-01T00:00,4.386618538547324E12,-8.894464077586874E11,-8.277575881371391E10,1044.286397798366,5359.907955515808,-133.9377666985063
2021-04-01T00:00,4.386708764892094E12,-8.889833117113308E11,-8.278733103675667E10,1043.7250804092344,5360.021736894803,-133.92717413131982
2021-04-01T00:00,4.3867989427390415E12,-8.885202058332631E11,-8.279890234460161E10,1043.1637500817014,5360.135459209885,-133.91658005720885
2021-04-01T00:00,4.3868890720870483E12,-8.880570901295873E11,-8.281047273711855E10,1042.6024068217478,5360.249122459671,-133.9059844762821
2021-04-01T00:00,4.3869791529349976E12,-8.875939646054067E11,-8.282204221417729E10,1042.0410506353544,5360.362726642779,-133.8953873886483
2021-04-01T00:00,4.3870691852817725E12,-8.871308292658248E11,-8.283361077564767E10,1041.4796815285026,5360.476271757833,-133.88478879441615
2021-04-01T00:00,4.3871591691262563E12,-8.86667684115945E11,-8.28451784213995E10,1040.918299507174,5360.589757803455,-133.87418869369446
2021-04-01T00:00,4.387249104467334E12,-8.862045291608707E11,-8.285674515130264E10,1040.3569045773506,5360.703184778268,-133.863587086592
2021-04-01T00:00,4.3873389913038896E12,-8.857413644057059E11,-8.286831096522693E10,1039.7954967450148,5360.816552680899,-133.8529839732175
2021-04-01T00:00,4.3874288296348086E12,-8.852781898555543E11,-8.287987586304222E10,1039.2340760161494,5360.929861509974,-133.84237935367983
2021-04-01T00:00,4.3875186194589766E12,-8.848150055155199E11,-8.289143984461838E10,1038.6726423967375,5361.043111264123,-133.83177322808783
2021-04-01T00:00,4.38760836077528E12,-8.843518113907067E11,-8.290300290982529E10,1038.1111958927627,5361.156301941974,-133.82116559655032
2021-04-01T00:00,4.387698053582605E12,-8.838886074862189E11,-8.291456505853282E10,1037.549736510209,5361.269433542158,-133.81055645917618
2021-04-01T00:00,4.3877876978798394E12,-8.834253938071609E11,-8.29261262906109E10,1036.988264255061,5361.382506063311,-133.7999458160743
2021-04-01T00:00,4.387877293665871E12,-8.82962170358637E11,-8.293768660592941E10,1036.4267791333039,5361.495519504064,-133.78933366735362
2021-04-01T00:00,4.3879668409395884E12,-8.824989371457518E11,-8.294924600435828E10,1035.8652811509228,5361.608473863054,-133.77872001312303
2021-04-01T00:00,4.38805633969988E12,-8.820356941736101E11,-8.296080448576741E10,1035.303770313904,5361.721369138919,-133.76810485349154
2021-04-01T00:00,4.388145789945635E12,-8.815724414473165E11,-8.297236205002675E10,1034.7422466282337,5361.834205330296,-133.75748818856806
2021-04-01T00:00,4.3882351916757437E12,-8.81109178971976E11,-8.298391869700624E10,1034.1807100998992,5361.946982435826,-133.74687001846164
2021-04-01T00:00,4.388324544889096E12,-8.806459067526935E11,-8.299547442657584E10,1033.6191607348883,5362.05970045415,-133.73625034328126
2021-04-01T00:00,4.3884138495845835E12,-8.801826247945742E11,-8.30070292386055E10,1033.057598539189,5362.1723593839115,-133.72562916313598
2021-04-01T00:00,4.388503105761097E12,-8.797193331027234E11,-8.30185831329652E10,1032.4960235187903,5362.284959223754,-133.71500647813485
2021-04-01T00:00,4.3885923134175293E12,-8.792560316822465E11,-8.30301361095249E10,1031.9344356796817,5362.397499972325,-133.70438228838697
2021-04-01T00:00,4.388681472552772E12,-8.787927205382489E11,-8.304168816815462E10,1031.3728350278532,5362.509981628271,-133.69375659400143
2021-04-01T00:00,4.3887705831657183E12,-8.783293996758362E11,-8.305323930872433E10,1030.8112215692956,5362.622404190241,-133.68312939508738
2021-04-01T00:00,4.3888596452552617E12,-8.778660691001141E11,-8.306478953110406E10,1030.2495953100006,5362.734767656885,-133.67250069175395
2021-04-01T00:00,4.3889486588202964E12,-8.774027288161886E11,-8.307633883516383E10,1029.6879562559602,5362.847072026855,-133.66187048411032
2021-04-01T00:00,4.389037623859717E12,-8.769393788291655E11,-8.308788722077367E10,1029.1263044131672,5362.959317298804,-133.6512387722657
2021-04-01T00:00,4.389126540372418E12,-8.764760191441509E11,-8.309943468780359E10,1028.5646397876153,5363.071503471388,-133.64060555632935
2021-04-01T00:00,4.3892154083572954E12,-8.76012649766251E11,-8.311098123612366E10,1028.0029623852988,5363.183630543261,-133.62997083641048
2021-04-01T00:00,4.3893042278132456E12,-8.75549270700572E11,-8.312252686560393E10,1027.441272212213,5363.295698513082,-133.61933461261836
2021-04-01T00:00,4.3893929987391646E12,-8.750858819522205E11,-8.313407157611446E10,1026.8795692743538,5363.40770737951,-133.6086968850623
2021-04-01T00:00,4.3894817211339497E12,-8.746224835263029E11,-8.314561536752533E10,1026.3178535777179,5363.519657141204,-133.59805765385164
2021-04-01T00:00,4.389570394996499E12,-8.741590754279259E11,-8.315715823970662E10,1025.7561251283028,5363.631547796828,-133.58741691909572
2021-04-01T00:00,4.38965902032571E12,-8.736956576621963E11,-8.316870019252843E10,1025.194383932107,5363.743379345045,-133.57677468090392
2021-04-01T00:00,4.389747597120482E12,-8.732322302342208E11,-8.318024122586086E10,1024.63262999513,5363.855151784518,-133.56613093938563
2021-04-01T00:00,4.3898361253797134E12,-8.727687931491067E11,-8.319178133957402E10,1024.070863323372,5363.9668651139145,-133.5554856946503
2021-04-01T00:00,4.3899246051023047E12,-8.723053464119608E11,-8.320332053353804E10,1023.5090839228338,5364.078519331902,-133.54483894680735
2021-04-01T00:00,4.390013036287156E12,-8.718418900278905E11,-8.321485880762305E10,1022.9472917995179,5364.190114437149,-133.5341906959663
2021-04-01T00:00,4.3901014189331675E12,-8.713784240020032E11,-8.322639616169917E10,1022.385486959427,5364.301650428326,-133.52354094223662
2021-04-01T00:00,4.3901897530392407E12,-8.709149483394061E11,-8.323793259563658E10,1021.8236694085653,5364.413127304105,-133.51288968572788
2021-04-01T00:00,4.390278038604278E12,-8.70451463045207E11,-8.324946810930544E10,1021.2618391529375,5364.524545063159,-133.50223692654964
2021-04-01T00:00,4.3903662756271807E12,-8.699879681245135E11,-8.326100270257588E10,1020.6999961985497,5364.635903704163,-133.49158266481146
2021-04-01T00:00,4.390454464106852E12,-8.695244635824335E11,-8.327253637531812E10,1020.1381405514088,5364.747203225792,-133.480926900623
2021-04-01T00:00,4.390542604042196E12,-8.690609494240747E11,-8.328406912740233E10,1019.5762722175228,5364.858443626724,-133.47026963409385
2021-04-01T00:00,4.390630695432115E12,-8.685974256545454E11,-8.329560095869872E10,1019.0143912029009,5364.969624905638,-133.45961086533373
2021-04-01T00:00,4.390718738275515E12,-8.681338922789536E11,-8.330713186907748E10,1018.4524975135531,5365.080747061213,-133.44895059445233
2021-04-01T00:00,4.3908067325713003E12,-8.676703493024075E11,-8.331866185840884E10,1017.8905911554906,5365.19181009213,-133.43828882155938
2021-04-01T00:00,4.390894678318376E12,-8.672067967300155E11,-8.333019092656303E10,1017.3286721347256,5365.302813997073,-133.42762554676463
2021-04-01T00:00,4.3909825755156484E12,-8.667432345668861E11,-8.334171907341028E10,1016.7667404572715,5365.4137587747255,-133.4169607701779
2021-04-01T00:00,4.391070424162024E12,-8.662796628181279E11,-8.335324629882082E10,1016.2047961291428,5365.524644423772,-133.40629449190897
2021-04-01T00:00,4.3911582242564097E12,-8.658160814888497E11,-8.336477260266492E10,1015.6428391563551,5365.635470942899,-133.3956267120677
2021-04-01T00:00,4.391245975797713E12,-8.653524905841603E11,-8.337629798481284E10,1015.0808695449251,5365.746238330795,-133.384957430764
2021-04-01T00:00,4.391333678784842E12,-8.648888901091685E11,-8.338782244513486E10,1014.5188873008709,5365.856946586148,-133.37428664810773
2021-04-01T00:00,4.3914213332167046E12,-8.644252800689834E11,-8.339934598350125E10,1013.9568924302114,5365.96759570765,-133.36361436420887
2021-04-01T00:00,4.3915089390922104E12,-8.639616604687142E11,-8.341086859978232E10,1013.3948849389667,5366.07818569399,-133.3529405791774
2021-04-01T00:00,4.391596496410269E12,-8.634980313134702E11,-8.342239029384836E10,1012.8328648331584,5366.188716543863,-133.34226529312332
2021-04-01T00:00,4.3916840051697905E12,-8.630343926083608E11,-8.343391106556969E10,1012.2708321188089,5366.299188255962,-133.33158850615663
2021-04-01T00:00,4.3917714653696855E12,-8.625707443584955E11,-8.344543091481662E10,1011.7087868019421,5366.409600828982,-133.32091021838744
2021-04-01T00:00,4.391858877008865E12,-8.621070865689839E11,-8.345694984145949E10,1011.1467288885829,5366.519954261619,-133.31023042992584
2021-04-01T00:00,4.391946240086241E12,-8.616434192449357E11,-8.346846784536864E10,1010.5846583847573,5366.630248552572,-133.29954914088196
2021-04-01T00:00,4.3920335546007256E12,-8.611797423914607E11,-8.347998492641441E10,1010.0225752964928,5366.740483700539,-133.28886635136598
2021-04-01T00:00,4.3921208205512314E12,-8.60716056013669E11,-8.349150108446718E10,1009.460479629818,5366.850659704219,-133.27818206148808
2021-04-01T00:00,4.3922080379366714E12,-8.602523601166705E11,-8.35030163193973E10,1008.8983713907625,5366.960776562313,-133.2674962713585
2021-04-01T00:00,4.3922952067559595E12,-8.597886547055756E11,-8.351453063107513E10,1008.3362505853573,5367.070834273524,-133.25680898108754
2021-04-01T00:00,4.3923823270080103E12,-8.593249397854944E11,-8.35260440193711E10,1007.7741172196347,5367.180832836556,-133.24612019078546
2021-04-01T00:00,4.392469398691738E12,-8.588612153615374E11,-8.353755648415558E10,1007.2119712996281,5367.290772250112,-133.23542990056262
2021-04-01T00:00,4.392556421806058E12,-8.58397481438815E11,-8.354906802529898E10,1006.6498128313721,5367.400652512898,-133.2247381105294
2021-04-01T00:00,4.3926433963498867E12,-8.579337380224379E11,-8.356057864267174E10,1006.0876418209025,5367.51047362362,-133.21404482079615
2021-04-01T00:00,4.39273032232214E12,-8.574699851175168E11,-8.357208833614426E10,1005.5254582742564,5367.620235580986,-133.20335003147338
2021-04-01T00:00,4.392817199721735E12,-8.570062227291626E11,-8.358359710558698E10,1004.963262197472,5367.729938383705,-133.19265374267152
2021-04-01T00:00,4.392904028547589E12,-8.565424508624862E11,-8.359510495087035E10,1004.4010535965889,5367.839582030487,-133.18195595450112
2021-04-01T00:00,4.3929908087986196E12,-8.560786695225988E11,-8.360661187186482E10,1003.8388324776478,5367.949166520042,-133.1712566670727
2021-04-01T00:00,4.3930775404737456E12,-8.556148787146115E11,-8.361811786844086E10,1003.2765988466905,5368.058691851083,-133.16055588049687
2021-04-01T00:00,4.3931642235718857E12,-8.551510784436355E11,-8.362962294046893E10,1002.7143527097601,5368.168158022321,-133.14985359488423
2021-04-01T00:00,4.39325085809196E12,-8.546872687147823E11,-8.364112708781953E10,1002.1520940729009,5368.277565032472,-133.1391498103455
2021-04-01T00:00,4.3933374440328877E12,-8.542234495331636E11,-8.365263031036314E10,1001.5898229421585,5368.38691288025,-133.12844452699127
2021-04-01T00:00,4.39342398139359E12,-8.537596209038907E11,-8.366413260797028E10,1001.0275393235797,5368.4962015643705,-133.11773774493236
2021-04-01T00:00,4.3935104701729873E12,-8.532957828320756E11,-8.367563398051144E10,1000.4652432232123,5368.605431083552,-133.10702946427952
2021-04-01T00:00,4.393596910370002E12,-8.5283193532283E11,-8.368713442785716E10,999.9029346471052,5368.714601436511,-133.09631968514356
2021-04-01T00:00,4.3936833019835557E12,-8.523680783812659E11,-8.369863394987796E10,999.3406136013089,5368.8237126219665,-133.08560840763533
2021-04-01T00:00,4.393769645012571E12,-8.519042120124954E11,-8.371013254644438E10,998.7782800918746,5368.932764638639,-133.0748956318657
2021-04-01T00:00,4.3938559394559707E12,-8.514403362216306E11,-8.372163021742697E10,998.215934124855,5369.04175748525,-133.0641813579456
2021-04-01T00:00,4.393942185312679E12,-8.509764510137839E11,-8.37331269626963E10,997.6535757063039,5369.15069116052,-133.05346558598603
2021-04-01T00:00,4.39402838258162E12,-8.505125563940676E11,-8.374462278212294E10,997.091204842276,5369.259565663173,-133.04274831609794
2021-04-01T00:00,4.3941145312617183E12,-8.500486523675944E11,-8.375611767557745E10,996.5288215388275,5369.368380991931,-133.0320295483924
2021-04-01T00:00,4.3942006313518994E12,-8.495847389394767E11,-8.376761164293044E10,995.9664258020155,5369.477137145521,-133.02130928298047
2021-04-01T00:00,4.394286682851089E12,-8.491208161148273E11,-8.377910468405249E10,995.4040176378982,5369.585834122667,-133.01058751997328
2021-04-01T00:00,4.394372685758213E12,-8.48656883898759E11,-8.379059679881421E10,994.8415970525351,5369.6944719220955,-132.999864259482
2021-04-01T00:00,4.394458640072198E12,-8.48192942296385E11,-8.380208798708623E10,994.2791640519868,5369.803050542535,-132.98913950161779
2021-04-01T00:00,4.394544545791972E12,-8.477289913128181E11,-8.381357824873917E10,993.7167186423146,5369.911569982714,-132.9784132464919
2021-04-01T00:00,4.394630402916463E12,-8.472650309531716E11,-8.382506758364366E10,993.1542608295815,5370.020030241362,-132.9676854942156
2021-04-01T00:00,4.3947162114445986E12,-8.468010612225588E11,-8.383655599167036E10,992.5917906198512,5370.128431317209,-132.95695624490023
2021-04-01T00:00,4.394801971375308E12,-8.46337082126093E11,-8.384804347268993E10,992.0293080191884,5370.236773208986,-132.94622549865713
2021-04-01T00:00,4.394887682707521E12,-8.458730936688878E11,-8.385953002657301E10,991.4668130336593,5370.345055915424,-132.9354932555977
2021-04-01T00:00,4.394973345440167E12,-8.454090958560568E11,-8.387101565319029E10,990.9043056693306,5370.453279435258,-132.92475951583336
2021-04-01T00:00,4.395058959572177E12,-8.449450886927135E11,-8.388250035241246E10,990.3417859322706,5370.561443767221,-132.9140242794756
2021-04-01T00:00,4.3951445251024814E12,-8.44481072183972E11,-8.389398412411021E10,989.7792538285481,5370.669548910048,-132.9032875466359
2021-04-01T00:00,4.395230042030012E12,-8.440170463349462E11,-8.390546696815425E10,989.2167093642333,5370.777594862476,-132.89254931742585
2021-04-01T00:00,4.395315510353701E12,-8.4355301115075E11,-8.391694888441528E10,988.6541525453974,5370.885581623241,-132.88180959195702
2021-04-01T00:00,4.395400930072481E12,-8.430889666364978E11,-8.392842987276402E10,988.0915833781124,5370.99350919108,-132.87106837034105
2021-04-01T00:00,4.3954863011852847E12,-8.426249127973037E11,-8.393990993307121E10,987.5290018684515,5371.1013775647325,-132.86032565268962
2021-04-01T00:00,4.395571623691046E12,-8.421608496382821E11,-8.395138906520761E10,986.9664080224887,5371.209186742937,-132.84958143911444
2021-04-01T00:00,4.395656897588699E12,-8.416967771645475E11,-8.396286726904395E10,986.4038018462993,5371.3169367244345,-132.83883572972724
2021-04-01T00:00,4.3957421228771787E12,-8.412326953812145E11,-8.397434454445099E10,985.8411833459592,5371.424627507966,-132.8280885246398
2021-04-01T00:00,4.39582729955542E12,-8.407686042933978E11,-8.398582089129951E10,985.2785525275455,5371.532259092274,-132.817339823964
2021-04-01T00:00,4.3959124276223584E12,-8.403045039062123E11,-8.399729630946031E10,984.7159093971361,5371.639831476102,-132.8065896278117
2021-04-01T00:00,4.39599750707693E12,-8.398403942247727E11,-8.400877079880415E10,984.1532539608102,5371.747344658193,-132.79583793629476
2021-04-01T00:00,4.3960825379180723E12,-8.393762752541942E11,-8.402024435920184E10,983.5905862246474,5371.854798637292,-132.78508474952517
2021-04-01T00:00,4.396167520144722E12,-8.389121469995919E11,-8.40317169905242E10,983.0279061947288,5371.962193412146,-132.7743300676149
2021-04-01T00:00,4.3962524537558174E12,-8.38448009466081E11,-8.404318869264204E10,982.4652138771359,5372.069528981501,-132.76357389067599
2021-04-01T00:00,4.3963373387502964E12,-8.379838626587771E11,-8.40546594654262E10,981.9025092779515,5372.176805344106,-132.75281621882047
2021-04-01T00:00,4.396422175127098E12,-8.375197065827954E11,-8.40661293087475E10,981.3397924032591,5372.284022498708,-132.74205705216048
2021-04-01T00:00,4.3965069628851616E12,-8.370555412432515E11,-8.40775982224768E10,980.7770632591433,5372.391180444057,-132.73129639080813
2021-04-01T00:00,4.3965917020234272E12,-8.365913666452611E11,-8.408906620648497E10,980.2143218516895,5372.498279178903,-132.72053423487563
2021-04-01T00:00,4.3966763925408354E12,-8.361271827939401E11,-8.410053326064287E10,979.6515681869839,5372.605318702,-132.70977058447517
2021-04-01T00:00,4.3967610344363267E12,-8.356629896944042E11,-8.411199938482137E10,979.0888022711137,5372.712299012097,-132.69900543971903
2021-04-01T00:00,4.396845627708843E12,-8.351987873517695E11,-8.412346457889136E10,978.5260241101669,5372.819220107949,-132.6882388007195
2021-04-01T00:00,4.3969301723573257E12,-8.347345757711522E11,-8.413492884272374E10,977.9632337102324,5372.926081988311,-132.6774706675889
2021-04-01T00:00,4.3970146683807183E12,-8.342703549576685E11,-8.414639217618942E10,977.4004310774001,5373.032884651938,-132.6667010404396
2021-04-01T00:00,4.3970991157779634E12,-8.338061249164346E11,-8.415785457915932E10,976.8376162177605,5373.139628097585,-132.655929919384
2021-04-01T00:00,4.3971835145480044E12,-8.333418856525669E11,-8.416931605150435E10,976.2747891374052,5373.24631232401,-132.64515730453456
2021-04-01T00:00,4.3972678646897856E12,-8.328776371711821E11,-8.418077659309546E10,975.7119498424264,5373.352937329972,-132.63438319600377
2021-04-01T00:00,4.397352166202252E12,-8.324133794773969E11,-8.419223620380359E10,975.1490983389175,5373.459503114228,-132.62360759390413
2021-04-01T00:00,4.3974364190843486E12,-8.319491125763278E11,-8.42036948834997E10,974.5862346329725,5373.566009675539,-132.6128304983482
2021-04-01T00:00,4.397520623335021E12,-8.314848364730918E11,-8.421515263205475E10,974.0233587306863,5373.672457012667,-132.60205190944853
2021-04-01T00:00,4.3976047789532153E12,-8.310205511728059E11,-8.422660944933972E10,973.4604706381546,5373.778845124373,-132.59127182731783
2021-04-01T00:00,4.3976888859378784E12,-8.305562566805872E11,-8.42380653352256E10,972.8975703614739,5373.885174009421,-132.5804902520687
2021-04-01T00:00,4.3977729442879575E12,-8.300919530015527E11,-8.424952028958337E10,972.3346579067417,5373.991443666574,-132.56970718381388
2021-04-01T00:00,4.397856954002401E12,-8.2962764014082E11,-8.426097431228406E10,971.7717332800562,5374.097654094598,-132.55892262266607
2021-04-01T00:00,4.3979409150801562E12,-8.291633181035062E11,-8.427242740319865E10,971.2087964875165,5374.203805292257,-132.54813656873804
2021-04-01T00:00,4.398024827520173E12,-8.28698986894729E11,-8.42838795621982E10,970.6458475352224,5374.30989725832,-132.53734902214262
2021-04-01T00:00,4.398108691321399E12,-8.282346465196058E11,-8.429533078915372E10,970.0828864292747,5374.4159299915555,-132.52655998299264
2021-04-01T00:00,4.398192506482787E12,-8.277702969832545E11,-8.430678108393625E10,969.519913175775,5374.521903490731,-132.51576945140096
2021-04-01T00:00,4.398276273003285E12,-8.27305938290793E11,-8.431823044641685E10,968.9569277808255,5374.627817754618,-132.5049774274805
2021-04-01T00:00,4.398359990881846E12,-8.26841570447339E11,-8.432967887646658E10,968.3939302505295,5374.733672781987,-132.4941839113442
2021-04-01T00:00,4.398443660117419E12,-8.263771934580106E11,-8.434112637395653E10,967.830920590991,5374.839468571609,-132.48338890310507
2021-04-01T00:00,4.398527280708958E12,-8.25912807327926E11,-8.435257293875775E10,967.2678988083148,5374.945205122259,-132.47259240287607
2021-04-01T00:00,4.398610852655415E12,-8.254484120622035E11,-8.436401857074136E10,966.7048649086066,5375.05088243271,-132.4617944107703
2021-04-01T00:00,4.398694375955743E12,-8.249840076659613E11,-8.437546326977846E10,966.1418188979728,5375.156500501737,-132.4509949269008
2021-04-01T00:00,4.3987778506088955E12,-8.24519594144318E11,-8.438690703574014E10,965.5787607825208,5375.262059328118,-132.44019395138068
2021-04-01T00:00,4.398861276613827E12,-8.240551715023921E11,-8.439834986849754E10,965.0156905683588,5375.36755891063,-132.4293914843231
2021-04-01T00:00,4.398944653969492E12,-8.235907397453022E11,-8.440979176792178E10,964.4526082615956,5375.47299924805,-132.41858752584125
2021-04-01T00:00,4.399027982674846E12,-8.231262988781672E11,-8.442123273388402E10,963.8895138683412,5375.578380339159,-132.40778207604833
2021-04-01T00:00,4.399111262728844E12,-8.22661848906106E11,-8.443267276625539E10,963.326407394706,5375.683702182737,-132.39697513505757
2021-04-01T00:00,4.399194494130442E12,-8.221973898342374E11,-8.444411186490706E10,962.7632888468017,5375.7889647775655,-132.38616670298228
2021-04-01T00:00,4.399277676878599E12,-8.217329216676807E11,-8.445555002971019E10,962.2001582307406,5375.894168122428,-132.37535677993571
2021-04-01T00:00,4.39936081097227E12,-8.212684444115549E11,-8.446698726053598E10,961.6370155526358,5375.999312216108,-132.36454536603125
2021-04-01T00:00,4.399443896410413E12,-8.208039580709795E11,-8.44784235572556E10,961.0738608186014,5376.10439705739,-132.35373246138226
2021-04-01T00:00,4.399526933191988E12,-8.203394626510737E11,-8.448985891974026E10,960.5106940347522,5376.209422645061,-132.34291806610213
2021-04-01T00:00,4.399609921315953E12,-8.198749581569572E11,-8.450129334786118E10,959.947515207204,5376.314388977907,-132.3321021803043
2021-04-01T00:00,4.399692860781267E12,-8.194104445937495E11,-8.451272684148955E10,959.3843243420733,5376.419296054716,-132.32128480410225
2021-04-01T00:00,4.39977575158689E12,-8.189459219665704E11,-8.452415940049663E10,958.8211214454776,5376.524143874279,-132.31046593760945
2021-04-01T00:00,4.399858593731782E12,-8.184813902805397E11,-8.453559102475363E10,958.2579065235353,5376.628932435385,-132.29964558093945
2021-04-01T00:00,4.399941387214906E12,-8.180168495407772E11,-8.454702171413182E10,957.6946795823656,5376.7336617368255,-132.2888237342058
2021-04-01T00:00,4.400024132035222E12,-8.175522997524032E11,-8.455845146850246E10,957.1314406280884,5376.838331777394,-132.27800039752208
2021-04-01T00:00,4.400106828191692E12,-8.170877409205376E11,-8.45698802877368E10,956.5681896668249,5376.942942555885,-132.2671755710019
2021-04-01T00:00,4.400189475683279E12,-8.166231730503008E11,-8.458130817170613E10,956.0049267046969,5377.047494071091,-132.25634925475893
2021-04-01T00:00,4.400272074508946E12,-8.16158596146813E11,-8.459273512028174E10,955.4416517478272,5377.15198632181,-132.24552144890686
2021-04-01T00:00,4.400354624667657E12,-8.156940102151948E11,-8.460416113333493E10,954.8783648023395,5377.256419306838,-132.23469215355937
2021-04-01T00:00,4.400437126158376E12,-8.152294152605668E11,-8.4615586210737E10,954.3150658743584,5377.360793024975,-132.22386136883023
2021-04-01T00:00,4.400519578980067E12,-8.147648112880494E11,-8.462701035235927E10,953.7517549700094,5377.465107475018,-132.2130290948332
2021-04-01T00:00,4.400601983131697E12,-8.143001983027635E11,-8.463843355807306E10,953.1884320954191,5377.5693626557695,-132.20219533168205
2021-04-01T00:00,4.40068433861223E12,-8.138355763098301E11,-8.464985582774971E10,952.6250972567148,5377.673558566031,-132.19136007949064
2021-04-01T00:00,4.400766645420634E12,-8.1337094531437E11,-8.466127716126057E10,952.0617504600247,5377.777695204604,-132.18052333837284
2021-04-01T00:00,4.400848903555874E12,-8.129063053215043E11,-8.4672697558477E10,951.4983917114782,5377.881772570295,-132.1696851084425
2021-04-01T00:00,4.400931113016918E12,-8.124416563363542E11,-8.468411701927037E10,950.9350210172057,5377.985790661906,-132.1588453898136
2021-04-01T00:00,4.401013273802733E12,-8.11976998364041E11,-8.469553554351205E10,950.3716383833382,5378.089749478246,-132.1480041826
2021-04-01T00:00,4.40109538591229E12,-8.11512331409686E11,-8.470695313107343E10,949.808243816008,5378.193649018121,-132.13716148691574
2021-04-01T00:00,4.401177449344556E12,-8.110476554784109E11,-8.47183697818259E10,949.2448373213483,5378.2974892803395,-132.1263173028748
2021-04-01T00:00,4.4012594640985E12,-8.10582970575337E11,-8.472978549564087E10,948.6814189054933,5378.401270263712,-132.11547163059126
2021-04-01T00:00,4.401341430173094E12,-8.101182767055863E11,-8.474120027238976E10,948.1179885745781,5378.504991967049,-132.10462447017912
2021-04-01T00:00,4.401423347567307E12,-8.096535738742804E11,-8.475261411194398E10,947.554546334739,5378.608654389162,-132.0937758217525
2021-04-01T00:00,4.40150521628011E12,-8.091888620865411E11,-8.476402701417499E10,946.9910921921131,5378.712257528866,-132.08292568542555
2021-04-01T00:00,4.401587036310476E12,-8.087241413474906E11,-8.477543897895421E10,946.4276261528388,5378.815801384973,-132.07207406131238
2021-04-01T00:00,4.401668807657375E12,-8.08259411662251E11,-8.47868500061531E10,945.8641482230552,5378.9192859563,-132.0612209495272
2021-04-01T00:00,4.401750530319781E12,-8.077946730359443E11,-8.479826009564314E10,945.3006584089027,5379.022711241662,-132.05036635018422
2021-04-01T00:00,4.401832204296668E12,-8.073299254736931E11,-8.480966924729579E10,944.7371567165227,5379.126077239879,-132.03951026339766
2021-04-01T00:00,4.401913829587008E12,-8.068651689806196E11,-8.482107746098254E10,944.1736431520577,5379.229383949769,-132.0286526892818
2021-04-01T00:00,4.401995406189776E12,-8.064004035618463E11,-8.48324847365749E10,943.6101177216511,5379.332631370151,-132.01779362795097
2021-04-01T00:00,4.402076934103947E12,-8.05935629222496E11,-8.484389107394437E10,943.0465804314476,5379.435819499848,-132.00693307951946
2021-04-01T00:00,4.402158413328496E12,-8.054708459676912E11,-8.485529647296243E10,942.483031287593,5379.53894833768,-131.99607104410165
2021-04-01T00:00,4.402239843862399E12,-8.050060538025548E11,-8.486670093350064E10,941.919470296234,5379.642017882473,-131.98520752181193
2021-04-01T00:00,4.402321225704633E12,-8.045412527322097E11,-8.487810445543053E10,941.3558974635184,5379.74502813305,-131.9743425127647
2021-04-01T00:00,4.402402558854174E12,-8.04076442761779E11,-8.488950703862363E10,940.7923127955955,5379.847979088238,-131.96347601707444
2021-04-01T00:00,4.402483843309999E12,-8.036116238963859E11,-8.49009086829515E10,940.2287162986154,5379.950870746864,-131.9526080348556
2021-04-01T00:00,4.402565079071087E12,-8.031467961411533E11,-8.491230938828572E10,939.6651079787292,5380.053703107755,-131.94173856622268
2021-04-01T00:00,4.402646266136416E12,-8.026819595012048E11,-8.492370915449785E10,939.1014878420897,5380.15647616974,-131.93086761129027
2021-04-01T00:00,4.402727404504966E12,-8.022171139816638E11,-8.493510798145946E10,938.5378558948503,5380.25918993165,-131.91999517017288
2021-04-01T00:00,4.402808494175715E12,-8.017522595876537E11,-8.494650586904216E10,937.9742121431658,5380.361844392317,-131.90912124298515
2021-04-01T00:00,4.402889535147644E12,-8.012873963242982E11,-8.495790281711755E10,937.4105565931923,5380.464439550572,-131.8982458298417
2021-04-01T00:00,4.402970527419733E12,-8.008225241967211E11,-8.496929882555725E10,936.8468892510868,5380.566975405251,-131.8873689308572
2021-04-01T00:00,4.403051470990965E12,-8.00357643210046E11,-8.498069389423288E10,936.2832101230078,5380.669451955187,-131.87649054614636
2021-04-01T00:00,4.403132365860319E12,-7.998927533693971E11,-8.499208802301607E10,935.7195192151148,5380.771869199216,-131.86561067582386
2021-04-01T00:00,4.403213212026779E12,-7.994278546798983E11,-8.500348121177846E10,935.1558165335686,5380.874227136175,-131.85472932000448
2021-04-01T00:00,4.403294009489328E12,-7.989629471466737E11,-8.501487346039171E10,934.5921020845311,5380.976525764904,-131.84384647880302
2021-04-01T00:00,4.403374758246948E12,-7.984980307748477E11,-8.502626476872748E10,934.0283758741656,5381.07876508424,-131.8329621523343
2021-04-01T00:00,4.403455458298624E12,-7.980331055695444E11,-8.503765513665744E10,933.4646379086365,5381.180945093025,-131.82207634071315
2021-04-01T00:00,4.403536109643339E12,-7.975681715358884E11,-8.504904456405328E10,932.9008881941095,5381.2830657900995,-131.8111890440545
2021-04-01T00:00,4.403616712280079E12,-7.971032286790042E11,-8.50604330507867E10,932.3371267367514,5381.385127174307,-131.80030026247323
2021-04-01T00:00,4.403697266207829E12,-7.966382770040162E11,-8.507182059672937E10,931.7733535427307,5381.4871292444905,-131.78940999608432
2021-04-01T00:00,4.403777771425575E12,-7.961733165160496E11,-8.508320720175304E10,931.2095686182166,5381.589071999494,-131.77851824500274
2021-04-01T00:00,4.403858227932304E12,-7.957083472202288E11,-8.50945928657294E10,930.64577196938,5381.690955438165,-131.76762500934353
2021-04-01T00:00,4.403938635727002E12,-7.95243369121679E11,-8.510597758853021E10,930.0819636023928,5381.792779559349,-131.75673028922174
2021-04-01T00:00,4.404018994808657E12,-7.94778382225525E11,-8.51173613700272E10,929.5181435234282,5381.894544361894,-131.74583408475243
2021-04-01T00:00,4.404099305176258E12,-7.943133865368922E11,-8.512874421009213E10,928.954311738661,5381.99624984465,-131.73493639605076
2021-04-01T00:00,4.404179566828792E12,-7.938483820609056E11,-8.514012610859676E10,928.3904682542669,5382.097896006468,-131.72403722323187
2021-04-01T00:00,4.404259779765249E12,-7.933833688026907E11,-8.515150706541284E10,927.8266130764232,5382.199482846197,-131.71313656641098
2021-04-01T00:00,4.404339943984619E12,-7.929183467673728E11,-8.516288708041219E10,927.2627462113084,5382.301010362689,-131.7022344257033
2021-04-01T00:00,4.404420059485892E12,-7.924533159600775E11,-8.517426615346657E10,926.6988676651021,5382.402478554799,-131.6913308012241
2021-04-01T00:00,4.404500126268058E12,-7.919882763859304E11,-8.51856442844478E10,926.1349774439855,5382.503887421381,-131.6804256930887
2021-04-01T00:00,4.404580144330108E12,-7.915232280500573E11,-8.519702147322768E10,925.571075554141,5382.605236961289,-131.66951910141245
2021-04-01T00:00,4.404660113671036E12,-7.910581709575837E11,-8.520839771967804E10,925.0071620017522,5382.706527173381,-131.6586110263107
2021-04-01T00:00,4.404740034289833E12,-7.90593105113636E11,-8.521977302367072E10,924.4432367930044,5382.807758056514,-131.64770146789888
2021-04-01T00:00,4.404819906185492E12,-7.901280305233398E11,-8.523114738507755E10,923.8792999340839,5382.908929609546,-131.63679042629246
2021-04-01T00:00,4.404899729357007E12,-7.896629471918215E11,-8.524252080377037E10,923.3153514311783,5383.010041831337,-131.6258779016069
2021-04-01T00:00,4.40497950380337E12,-7.891978551242073E11,-8.525389327962106E10,922.7513912904768,5383.111094720747,-131.61496389395776
2021-04-01T00:00,4.405059229523577E12,-7.887327543256234E11,-8.52652648125015E10,922.1874195181697,5383.212088276638,-131.6040484034606
2021-04-01T00:00,4.405138906516623E12,-7.882676448011963E11,-8.527663540228355E10,921.6234361204488,5383.313022497871,-131.59313143023104
2021-04-01T00:00,4.405218534781504E12,-7.878025265560525E11,-8.528800504883913E10,921.0594411035071,5383.413897383312,-131.5822129743847
2021-04-01T00:00,4.405298114317215E12,-7.873373995953186E11,-8.529937375204012E10,920.4954344735391,5383.514712931825,-131.5712930360373
2021-04-01T00:00,4.405377645122753E12,-7.868722639241213E11,-8.531074151175842E10,919.9314162367407,5383.615469142274,-131.56037161530455
2021-04-01T00:00,4.405457127197116E12,-7.864071195475874E11,-8.532210832786598E10,919.3673863993089,5383.716166013528,-131.5494487123022
2021-04-01T00:00,4.405536560539301E12,-7.859419664708439E11,-8.533347420023473E10,918.8033449674422,5383.816803544453,-131.53852432714606
2021-04-01T00:00,4.405615945148306E12,-7.854768046990176E11,-8.534483912873659E10,918.2392919473406,5383.917381733918,-131.527598459952
2021-04-01T00:00,4.40569528102313E12,-7.850116342372357E11,-8.535620311324353E10,917.6752273452053,5384.017900580792,-131.5166711108359
2021-04-01T00:00,4.405774568162772E12,-7.845464550906255E11,-8.53675661536275E10,917.111151167239,5384.118360083947,-131.50574227991362
2021-04-01T00:00,4.405853806566233E12,-7.840812672643142E11,-8.537892824976048E10,916.5470634196457,5384.218760242254,-131.4948119673012
2021-04-01T00:00,4.405932996232513E12,-7.836160707634293E11,-8.539028940151445E10,915.982964108631,5384.319101054585,-131.48388017311458
2021-04-01T00:00,4.406012137160611E12,-7.831508655930981E11,-8.540164960876141E10,915.4188532404016,5384.4193825198145,-131.47294689746985
2021-04-01T00:00,4.406091229349531E12,-7.826856517584485E11,-8.541300887137335E10,914.8547308211658,5384.519604636816,-131.46201214048307
2021-04-01T00:00,4.406170272798274E12,-7.822204292646079E11,-8.542436718922229E10,914.2905968571334,5384.619767404467,-131.45107590227033
2021-04-01T00:00,4.406249267505843E12,-7.817551981167042E11,-8.543572456218025E10,913.7264513545155,5384.719870821643,-131.44013818294783
2021-04-01T00:00,4.40632821347124E12,-7.812899583198652E11,-8.544708099011926E10,913.1622943195244,5384.819914887221,-131.42919898263173
2021-04-01T00:00,4.40640711069347E12,-7.80824709879219E11,-8.545843647291136E10,912.5981257583745,5384.9198996000805,-131.4182583014383
2021-04-01T00:00,4.406485959171535E12,-7.803594527998936E11,-8.54697910104286E10,912.033945677281,5385.0198249591,-131.40731613948378
2021-04-01T00:00,4.406564758904441E12,-7.798941870870171E11,-8.548114460254306E10,911.4697540824609,5385.119690963162,-131.3963724968845
2021-04-01T00:00,4.406643509891194E12,-7.794289127457179E11,-8.549249724912679E10,910.9055509801326,5385.219497611145,-131.3854273737568
2021-04-01T00:00,4.406722212130799E12,-7.789636297811243E11,-8.550384895005188E10,910.3413363765159,5385.319244901933,-131.3744807702171
2021-04-01T00:00,4.406800865622262E12,-7.784983381983647E11,-8.551519970519043E10,909.7771102778321,5385.41893283441,-131.3635326863818
2021-04-01T00:00,4.40687947036459E12,-7.780330380025679E11,-8.552654951441454E10,909.2128726903042,5385.518561407459,-131.35258312236738
2021-04-01T00:00,4.40695802635679E12,-7.775677291988623E11,-8.553789837759631E10,908.6486236201563,5385.618130619965,-131.34163207829033
2021-04-01T00:00,4.407036533597871E12,-7.771024117923767E11,-8.554924629460788E10,908.0843630736143,5385.717640470815,-131.33067955426722
2021-04-01T00:00,4.407114992086841E12,-7.7663708578824E11,-8.556059326532137E10,907.5200910569056,5385.817090958895,-131.31972555041463
2021-04-01T00:00,4.407193401822708E12,-7.761717511915812E11,-8.557193928960892E10,906.955807576259,5385.916482083094,-131.30877006684918
2021-04-01T00:00,4.407271762804482E12,-7.757064080075292E11,-8.55832843673427E10,906.3915126379047,5386.0158138423,-131.29781310368753
2021-04-01T00:00,4.407350075031175E12,-7.752410562412133E11,-8.559462849839485E10,905.8272062480747,5386.115086235403,-131.28685466104642
2021-04-01T00:00,4.407428338501795E12,-7.747756958977626E11,-8.560597168263757E10,905.2628884130023,5386.214299261294,-131.27589473904257
2021-04-01T00:00,4.407506553215354E12,-7.743103269823064E11,-8.561731391994302E10,904.6985591389224,5386.313452918864,-131.26493333779277
2021-04-01T00:00,4.407584719170863E12,-7.738449494999742E11,-8.562865521018341E10,904.1342184320714,5386.4125472070045,-131.25397045741383
2021-04-01T00:00,4.407662836367336E12,-7.733795634558955E11,-8.563999555323093E10,903.5698662986873,5386.51158212461,-131.24300609802265
2021-04-01T00:00,4.407740904803784E12,-7.729141688552E11,-8.56513349489578E10,903.0055027450095,5386.610557670573,-131.2320402597361
2021-04-01T00:00,4.407818924479222E12,-7.724487657030172E11,-8.566267339723624E10,902.4411277772789,5386.70947384379,-131.22107294267116
2021-04-01T00:00,4.407896895392662E12,-7.71983354004477E11,-8.567401089793848E10,901.8767414017382,5386.808330643156,-131.21010414694481
2021-04-01T00:00,4.407974817543119E12,-7.715179337647095E11,-8.568534745093677E10,901.3123436246312,5386.907128067568,-131.1991338726741
2021-04-01T00:00,4.408052690929608E12,-7.710525049888445E11,-8.569668305610336E10,900.7479344522036,5387.005866115923,-131.18816211997614
2021-04-01T00:00,4.4081305155511455E12,-7.705870676820121E11,-8.570801771331053E10,900.1835138907024,5387.104544787118,-131.177188888968
2021-04-01T00:00,4.408208291406746E12,-7.701216218493425E11,-8.571935142243054E10,899.6190819463764,5387.203164080054,-131.16621417976685
2021-04-01T00:00,4.408286018495426E12,-7.696561674959661E11,-8.573068418333568E10,899.0546386254754,5387.301723993631,-131.1552379924899
2021-04-01T00:00,4.408363696816203E12,-7.691907046270131E11,-8.574201599589822E10,898.4901839342513,5387.4002245267475,-131.14426032725441
2021-04-01T00:00,4.408441326368095E12,-7.687252332476139E11,-8.57533468599905E10,897.925717878957,5387.498665678307,-131.13328118417766
2021-04-01T00:00,4.408518907150119E12,-7.682597533628993E11,-8.57646767754848E10,897.3612404658475,5387.59704744721,-131.122300563377
2021-04-01T00:00,4.408596439161295E12,-7.677942649779999E11,-8.577600574225348E10,896.7967517011787,5387.6953698323605,-131.1113184649698
2021-04-01T00:00,4.408673922400642E12,-7.673287680980464E11,-8.578733376016885E10,896.2322515912084,5387.793632832662,-131.1003348890735
2021-04-01T00:00,4.408751356867179E12,-7.668632627281697E11,-8.579866082910327E10,895.667740142196,5387.89183644702,-131.0893498358056
2021-04-01T00:00,4.408828742559927E12,-7.663977488735006E11,-8.58099869489291E10,895.1032173604019,5387.989980674339,-131.07836330528355
2021-04-01T00:00,4.408906079477906E12,-7.659322265391703E11,-8.582131211951866E10,894.5386832520886,5388.088065513525,-131.06737529762495
2021-04-01T00:00,4.40898336762014E12,-7.654666957303099E11,-8.583263634074437E10,893.9741378235198,5388.186090963486,-131.05638581294738
2021-04-01T00:00,4.409060606985647E12,-7.650011564520507E11,-8.58439596124786E10,893.4095810809606,5388.284057023129,-131.0453948513685
2021-04-01T00:00,4.409137797573453E12,-7.645356087095238E11,-8.585528193459377E10,892.8450130306779,5388.381963691362,-131.03440241300603
2021-04-01T00:00,4.409214939382579E12,-7.640700525078608E11,-8.586660330696225E10,892.2804336789399,5388.479810967095,-131.0234084979777
2021-04-01T00:00,4.409292032412049E12,-7.636044878521932E11,-8.587792372945648E10,891.7158430320162,5388.577598849237,-131.01241310640125
2021-04-01T00:00,4.409369076660887E12,-7.631389147476527E11,-8.588924320194887E10,891.1512410961782,5388.675327336699,-131.00141623839457
2021-04-01T00:00,4.409446072128117E12,-7.626733331993708E11,-8.590056172431186E10,890.5866278776984,5388.7729964283935,-130.99041789407553
2021-04-01T00:00,4.409523018812766E12,-7.622077432124795E11,-8.591187929641791E10,890.0220033828513,5388.870606123232,-130.97941807356204
2021-04-01T00:00,4.409599916713857E12,-7.617421447921105E11,-8.592319591813947E10,889.4573676179123,5388.968156420127,-130.96841677697208
2021-04-01T00:00,4.40967676583042E12,-7.612765379433958E11,-8.5934511589349E10,888.8927205891587,5389.065647317993,-130.95741400442367
2021-04-01T00:00,4.409753566161479E12,-7.608109226714675E11,-8.594582630991898E10,888.3280623028691,5389.1630788157445,-130.94640975603485
2021-04-01T00:00,4.409830317706062E12,-7.603452989814579E11,-8.59571400797219E10,887.7633927653236,5389.260450912296,-130.93540403192375
2021-04-01T00:00,4.409907020463196E12,-7.59879666878499E11,-8.596845289863025E10,887.1987119828038,5389.357763606563,-130.92439683220854
2021-04-01T00:00,4.409983674431911E12,-7.594140263677234E11,-8.597976476651656E10,886.6340199615929,5389.455016897463,-130.9133881570074
2021-04-01T00:00,4.410060279611235E12,-7.589483774542634E11,-8.599107568325333E10,886.0693167079753,5389.552210783912,-130.9023780064386
2021-04-01T00:00,4.410136836000199E12,-7.584827201432517E11,-8.600238564871309E10,885.5046022282371,5389.64934526483,-130.8913663806204
2021-04-01T00:00,4.410213343597832E12,-7.580170544398208E11,-8.601369466276837E10,884.9398765286656,5389.746420339135,-130.88035327967123
2021-04-01T00:00,4.410289802403164E12,-7.575513803491035E11,-8.602500272529173E10,884.37513961555,5389.843436005745,-130.8693387037094
2021-04-01T00:00,4.410366212415227E12,-7.570856978762327E11,-8.603630983615573E10,883.8103914951804,5389.940392263583,-130.85832265285336
2021-04-01T00:00,4.410442573633052E12,-7.566200070263411E11,-8.604761599523294E10,883.2456321738488,5390.037289111568,-130.84730512722163
2021-04-01T00:00,4.410518886055672E12,-7.561543078045618E11,-8.605892120239594E10,882.6808616578484,5390.134126548622,-130.83628612693272
2021-04-01T00:00,4.410595149682119E12,-7.55688600216028E11,-8.60702254575173E10,882.116079953474,5390.2309045736665,-130.8252656521052
2021-04-01T00:00,4.410671364511427E12,-7.552228842658728E11,-8.608152876046965E10,881.5512870670219,5390.327623185626,-130.8142437028577
2021-04-01T00:00,4.410747530542629E12,-7.547571599592296E11,-8.609283111112558E10,880.9864830047896,5390.424282383424,-130.80322027930893
2021-04-01T00:00,4.410823647774761E12,-7.542914273012317E11,-8.610413250935771E10,880.4216677730764,5390.520882165984,-130.79219538157759
2021-04-01T00:00,4.410899716206856E12,-7.538256862970126E11,-8.611543295503868E10,879.8568413781826,5390.617422532233,-130.78116900978242
2021-04-01T00:00,4.410975735837951E12,-7.533599369517058E11,-8.612673244804112E10,879.2920038264103,5390.713903481095,-130.7701411640423
2021-04-01T00:00,4.411051706667082E12,-7.528941792704451E11,-8.61380309882377E10,878.727155124063,5390.810325011498,-130.75911184447602
2021-04-01T00:00,4.411127628693285E12,-7.524284132583641E11,-8.614932857550107E10,878.1622952774454,5390.906687122369,-130.74808105120255
2021-04-01T00:00,4.411203501915597E12,-7.519626389205968E11,-8.616062520970389E10,877.597424292864,5391.002989812635,-130.7370487843408
2021-04-01T00:00,4.411279326333056E12,-7.51496856262277E11,-8.617192089071886E10,877.0325421766265,5391.099233081226,-130.7260150440098
2021-04-01T00:00,4.4113551019447E12,-7.510310652885388E11,-8.618321561841866E10,876.467648935042,5391.19541692707,-130.71497983032862
2021-04-01T00:00,4.411430828749568E12,-7.505652660045164E11,-8.6194509392676E10,875.9027445744211,5391.291541349099,-130.7039431434163
2021-04-01T00:00,4.411506506746699E12,-7.500994584153438E11,-8.620580221336359E10,875.337829101076,5391.387606346242,-130.69290498339203
2021-04-01T00:00,4.411582135935134E12,-7.496336425261554E11,-8.621709408035416E10,874.77290252132,5391.4836119174315,-130.681865350375
2021-04-01T00:00,4.411657716313912E12,-7.491678183420857E11,-8.622838499352043E10,874.2079648414682,5391.5795580615995,-130.67082424448444
2021-04-01T00:00,4.411733247882074E12,-7.487019858682692E11,-8.623967495273515E10,873.6430160678369,5391.675444777678,-130.65978166583963
2021-04-01T00:00,4.411808730638662E12,-7.482361451098403E11,-8.625096395787108E10,873.0780562067439,5391.771272064602,-130.64873761455993
2021-04-01T00:00,4.411884164582719E12,-7.47770296071934E11,-8.626225200880098E10,872.5130852645084,5391.867039921305,-130.6376920907647
2021-04-01T00:00,4.411959549713285E12,-7.473044387596848E11,-8.627353910539763E10,871.948103247451,5391.962748346722,-130.62664509457335
2021-04-01T00:00,4.412034886029405E12,-7.468385731782277E11,-8.62848252475338E10,871.3831101618938,5392.058397339789,-130.6155966261054
2021-04-01T00:00,4.412110173530123E12,-7.463726993326975E11,-8.629611043508229E10,870.8181060141603,5392.153986899441,-130.60454668548033
2021-04-01T00:00,4.412185412214482E12,-7.459068172282294E11,-8.630739466791591E10,870.2530908105756,5392.2495170246175,-130.59349527281773
2021-04-01T00:00,4.412260602081528E12,-7.454409268699585E11,-8.631867794590749E10,869.688064557466,5392.344987714255,-130.5824423882372
2021-04-01T00:00,4.412335743130306E12,-7.4497502826302E11,-8.632996026892982E10,869.1230272611592,5392.440398967291,-130.57138803185842
2021-04-01T00:00,4.412410835359861E12,-7.445091214125492E11,-8.634124163685577E10,868.5579789279845,5392.535750782666,-130.56033220380107
2021-04-01T00:00,4.41248587876924E12,-7.440432063236815E11,-8.635252204955818E10,867.9929195642727,5392.631043159318,-130.5492749041849
2021-04-01T00:00,4.41256087335749E12,-7.435772830015526E11,-8.63638015069099E10,867.4278491763558,5392.726276096189,-130.5382161331297
2021-04-01T00:00,4.412635819123659E12,-7.431113514512979E11,-8.63750800087838E10,866.8627677705675,5392.82144959222,-130.52715589075535
2021-04-01T00:00,4.412710716066795E12,-7.426454116780531E11,-8.638635755505276E10,866.2976753532427,5392.916563646353,-130.5160941771817
2021-04-01T00:00,4.412785564185945E12,-7.421794636869541E11,-8.639763414558968E10,865.7325719307178,5393.01161825753,-130.50503099252873
2021-04-01T00:00,4.41286036348016E12,-7.417135074831366E11,-8.640890978026743E10,865.1674575093307,5393.106613424695,-130.4939663369164
2021-04-01T00:00,4.412935113948489E12,-7.412475430717367E11,-8.642018445895894E10,864.6023320954207,5393.201549146791,-130.48290021046475
2021-04-01T00:00,4.413009815589982E12,-7.407815704578904E11,-8.643145818153712E10,864.0371956953287,5393.296425422763,-130.47183261329383
2021-04-01T00:00,4.41308446840369E12,-7.403155896467339E11,-8.644273094787491E10,863.4720483153968,5393.391242251556,-130.46076354552375
2021-04-01T00:00,4.413159072388665E12,-7.398496006434033E11,-8.645400275784525E10,862.9068899619687,5393.485999632117,-130.4496930072747
2021-04-01T00:00,4.413233627543958E12,-7.393836034530352E11,-8.646527361132108E10,862.3417206413894,5393.5806975633905,-130.4386209986669
