Name=Probe
Mass=15000.0
Radius=700.0
Image_Path=/src/main/java/misc/craftIcon.png
Icon_Path=/src/main/java/misc/craftIcon.png
Start_Time=0-zero-0_0:0:0
End_Time=0-zero-0_0:0:0
No_of_Steps=367
$SOE
0-zero-0_0:0:0,6371000.0,0.0,0.0,52500.0,-27000.0,0.0
0-zero-0_0:0:0,4.542371E9,-2.3328E9,0.0,-3703854.4393291776,5877792.318370368,35887.901554730146
0-zero-0_0:0:0,-3.1547065255804095E11,5.055084563071998E11,3.100714694328685E9,-3950413.1231127856,6038838.7664795155,36199.317570478706
0-zero-0_0:0:0,-6.567863463949856E11,1.02726412573103E12,6.228335732418045E9,-3950395.949771374,6038811.245048743,36199.14877781148
0-zero-0_0:0:0,-9.981005564552323E11,1.5490174173032415E12,9.355942186820957E9,-3950391.7847845964,6038804.730112191,36199.109283898884
0-zero-0_0:0:0,-1.3394144066606216E12,2.0707701459849348E12,1.2483545228949821E10,-3950389.9522631904,6038801.885883006,36199.092107535806
0-zero-0_0:0:0,-1.6807280985361611E12,2.5925226289252266E12,1.5611146787040915E10,-3950388.9266245,6038800.300119129,36199.08254904126
0-zero-0_0:0:0,-2.022041701796518E12,3.1142749748555195E12,1.873874751927808E10,-3950388.272175771,6038799.290581843,36199.076470652
0-zero-0_0:0:0,-2.363355248512505E12,3.636027233561791E12,2.186634772634241E10,-3950387.8185984287,6038798.5919706775,36199.07226744869
0-zero-0_0:0:0,-2.704668756039409E12,4.1577794319080576E12,2.4993947570249977E10,-3950387.485828208,6038798.079986356,36199.069188709385
0-zero-0_0:0:0,-3.0459822348149663E12,4.679531586018879E12,2.812154714815447E10,-3950387.2313199453,6038797.688730442,36199.06683687845
0-zero-0_0:0:0,-3.38729569160101E12,5.201283706325189E12,3.1249146522860767E10,-3950387.030391738,6038797.380038168,36199.0649819034
0-zero-0_0:0:0,-3.728609131026856E12,5.723035799960487E12,3.437674573729722E10,-3950386.8677463634,6038797.130286977,36199.06348148052
0-zero-0_0:0:0,-4.0699225564001416E12,6.244787872017282E12,3.750434482209714E10,-3950386.7334005386,6038796.924076331,36199.06224288261
0-zero-0_0:0:0,-4.411235970165948E12,6.766539926257478E12,4.0631943799882195E10,-3950386.62056294,6038796.750938572,36199.06120310922
0-zero-0_0:0:0,-4.752549374182586E12,7.28829196553857E12,4.375954268783083E10,-3950386.5244534393,6038796.603511119,36199.06031786305
0-zero-0_0:0:0,-5.093862769895363E12,7.810043992081931E12,4.6887141499294205E10,-3950386.44161019,6038796.476465022,36199.059555091386
0-zero-0_0:0:0,-5.435176158450483E12,8.331796007648509E12,5.00147402448541E10,-3950386.3694646317,6038796.365848395,36199.0588910301
0-zero-0_0:0:0,-5.776489540772228E12,8.85354801365781E12,5.31423389330391E10,-3950386.3060709033,6038796.26866872,36199.058307687905
0-zero-0_0:0:0,-6.117802917616754E12,9.375300011270787E12,5.626993757082333E10,-3950386.2499279724,6038796.182618454,36199.05779119419
0-zero-0_0:0:0,-6.45911628961053E12,9.897052001449021E12,5.939753616398251E10,-3950386.1998594236,6038796.1058896985,36199.057330683456
0-zero-0_0:0:0,-6.800429657278385E12,1.041880398499789E13,6.252513471735356E10,-3950386.154930225,6038796.037045935,36199.05691752347
0-zero-0_0:0:0,-7.141743021064356E12,1.094055596259866E13,6.565273323502759E10,-3950386.1143878493,6038795.974931342,36199.05654476961
0-zero-0_0:0:0,-7.483056381347467E12,1.1462307934832729E13,6.878033172049568E10,-3950386.0776198255,6038795.918605437,36199.056206771784
0-zero-0_0:0:0,-7.824369738453819E12,1.1984059902200238E13,7.190793017676076E10,-3950386.0441226093,6038795.8672951665,36199.055898886225
0-zero-0_0:0:0,-8.165683092666013E12,1.2505811865134541E13,7.503552860642453E10,-3950386.013478402,6038795.820359244,36199.05561726105
0-zero-0_0:0:0,-8.506996444230547E12,1.302756382401358E13,7.816312701175589E10,-3950385.9853376467,6038795.777261224,36199.055358674406
0-zero-0_0:0:0,-8.848309793363719E12,1.354931577916895E13,8.129072539474536E10,-3950385.9594056434,6038795.737548918,36199.05512041069
0-zero-0_0:0:0,-9.189623140256367E12,1.4071067730893176E13,8.441832375714885E10,-3950385.9354321957,6038795.700838488,36199.05490016493
0-zero-0_0:0:0,-9.530936485077709E12,1.4592819679445621E13,8.75459221005231E10,-3950385.913203516,6038795.666801992,36199.05469596796
0-zero-0_0:0:0,-9.872249827978492E12,1.5114571625057312E13,9.067352042625473E10,-3950385.892535837,6038795.635157577,36199.05450612748
0-zero-0_0:0:0,-1.0213563169093588E13,1.5636323567934928E13,9.380111873558414E10,-3950385.87327032,6038795.605661652,36199.05432918099
0-zero-0_0:0:0,-1.0554876508544143E13,1.6158075508264094E13,9.692871702962538E10,-3950385.8552689673,6038795.578102615,36199.054163858105
0-zero-0_0:0:0,-1.089618984643938E13,1.667982744621216E13,1.0005631530938272E11,-3950385.8384113144,6038795.552295761,36199.054009050014
0-zero-0_0:0:0,-1.123750318287812E13,1.7201579381930514E13,1.0318391357576465E11,-3950385.822591729,6038795.528079149,36199.05386378457
0-zero-0_0:0:0,-1.1578816517950045E13,1.772333131555655E13,1.0631151182959564E11,-3950385.807717198,6038795.505310195,36199.05372720587
0-zero-0_0:0:0,-1.192012985173681E13,1.824508324721535E13,1.0943911007162624E11,-3950385.793705498,6038795.483862862,36199.05359855742
0-zero-0_0:0:0,-1.2261443184312965E13,1.87668351770211E13,1.125667083025416E11,-3950385.7804836733,6038795.463625334,36199.05347716804
0-zero-0_0:0:0,-1.2602756515746754E13,1.9288587105078332E13,1.1569430652296892E11,-3950385.767986769,6038795.444498061,36199.05336244024
0-zero-0_0:0:0,-1.294406984610081E13,1.9810339031482965E13,1.1882190473348375E11,-3950385.75615676,6038795.426392122,36199.053253840335
0-zero-0_0:0:0,-1.3285383175432754E13,2.0332090956323246E13,1.2194950293461555E11,-3950385.744941653,6038795.409227845,36199.05315089016
0-zero-0_0:0:0,-1.3626696503795713E13,2.085384287968053E13,1.2507710112685246E11,-3950385.7342947237,6038795.392933634,36199.053053160045
0-zero-0_0:0:0,-1.3968009831238777E13,2.1375594801629996E13,1.282046993106455E11,-3950385.724173863,6038795.377444971,36199.0529602628
0-zero-0_0:0:0,-1.4309323157807398E13,2.1897346722241242E13,1.313322974864122E11,-3950385.7145410227,6038795.362703564,36199.05287184861
0-zero-0_0:0:0,-1.4650636483543742E13,2.241909864157883E13,1.3445989565453992E11,-3950385.705361738,6038795.34865661,36199.05278760061
0-zero-0_0:0:0,-1.4991949808486996E13,2.2940850559702758E13,1.375874938153886E11,-3950385.6966047133,6038795.335256169,36199.052707231116
0-zero-0_0:0:0,-1.5333263132673643E13,2.346260247666889E13,1.4071509196929337E11,-3950385.6882414683,6038795.322458613,36199.05263047834
0-zero-0_0:0:0,-1.5674576456137705E13,2.3984354392529316E13,1.4384269011656668E11,-3950385.680246027,6038795.310224152,36199.05255710353
0-zero-0_0:0:0,-1.601588977891096E13,2.4506106307332684E13,1.4697028825750043E11,-3950385.67259465,6038795.298516424,36199.0524868885
0-zero-0_0:0:0,-1.6357203101023139E13,2.5027858221124504E13,1.5009788639236758E11,-3950385.6652655965,6038795.287302132,36199.05241963344
0-zero-0_0:0:0,-1.6698516422502086E13,2.5549610133947406E13,1.5322548452142392E11,-3950385.6582389195,6038795.276550723,36199.05235515505
0-zero-0_0:0:0,-1.7039829743373928E13,2.607136204584139E13,1.563530826449093E11,-3950385.651496285,6038795.266234121,36199.05229328487
0-zero-0_0:0:0,-1.7381143063663207E13,2.659311395684402E13,1.594806807630491E11,-3950385.6450208123,6038795.256326472,36199.05223386778
0-zero-0_0:0:0,-1.7722456383393004E13,2.7114865866990625E13,1.6260827887605527E11,-3950385.6387969316,6038795.246803933,36199.05217676072
0-zero-0_0:0:0,-1.806376970258506E13,2.7636617776314484E13,1.6573587698412738E11,-3950385.63281026,6038795.237644479,36199.052121831555
0-zero-0_0:0:0,-1.8405083021259863E13,2.815836968484697E13,1.688634750874536E11,-3950385.627047491,6038795.228827732,36199.05206895804
0-zero-0_0:0:0,-1.8746396339436766E13,2.8680121592617684E13,1.7199107318621158E11,-3950385.621496293,6038795.220334812,36199.05201802689
0-zero-0_0:0:0,-1.9087709657134047E13,2.920187349965461E13,1.751186712805691E11,-3950385.6161452266,6038795.212148202,36199.051968933
0-zero-0_0:0:0,-1.9429022974368996E13,2.9723625405984215E13,1.782462693706849E11,-3950385.6109836604,6038795.204251623,36199.05192157874
0-zero-0_0:0:0,-1.9770336291157984E13,3.0245377311631555E13,1.8137386745670932E11,-3950385.6060017035,6038795.196629932,36199.05187587325
0-zero-0_0:0:0,-2.011164960751653E13,3.076712921662038E13,1.8450146553878476E11,-3950385.601190142,6038795.189269021,36199.051831731886
0-zero-0_0:0:0,-2.045296292345936E13,3.1288881120973223E13,1.876290636170464E11,-3950385.5965403803,6038795.182155732,36199.05178907572
0-zero-0_0:0:0,-2.079427623900045E13,3.1810633024711477E13,1.9075666169162253E11,-3950385.5920443926,6038795.175277776,36199.05174783103
0-zero-0_0:0:0,-2.1135589554153086E13,3.2332384927855477E13,1.9388425976263513E11,-3950385.587694675,6038795.168623665,36199.051707928906
0-zero-0_0:0:0,-2.1476902868929906E13,3.2854136830424562E13,1.970118578302002E11,-3950385.583484204,6038795.162182647,36199.05166930484
0-zero-0_0:0:0,-2.181821618334294E13,3.3375888732437145E13,2.0013945589442813E11,-3950385.5794063983,6038795.155944646,36199.0516318984
0-zero-0_0:0:0,-2.2159529497403652E13,3.389764063391076E13,2.0326705395542416E11,-3950385.575455085,6038795.149900214,36199.051595652905
0-zero-0_0:0:0,-2.2500842811122973E13,3.441939253486214E13,2.0639465201328857E11,-3950385.5716244685,6038795.144040478,36199.05156051513
0-zero-0_0:0:0,-2.284215612451133E13,3.494114443530724E13,2.095222500681171E11,-3950385.5679091024,6038795.138357101,36199.05152643506
0-zero-0_0:0:0,-2.3183469437578676E13,3.546289633526129E13,2.126498481200011E11,-3950385.5643038624,6038795.132842239,36199.05149336565
0-zero-0_0:0:0,-2.352478275033453E13,3.598464823473886E13,2.157774461690279E11,-3950385.5608039233,6038795.127488507,36199.0514612626
0-zero-0_0:0:0,-2.3866096062787992E13,3.650640013375387E13,2.1890504421528098E11,-3950385.557404739,6038795.122288944,36199.05143008415
0-zero-0_0:0:0,-2.420740937494776E13,3.702815203231963E13,2.2203264225884024E11,-3950385.55410202,6038795.117236987,36199.051399790944
0-zero-0_0:0:0,-2.4548722686822176E13,3.754990393044891E13,2.2516024029978217E11,-3950385.5508917174,6038795.112326438,36199.0513703458
0-zero-0_0:0:0,-2.489003599841922E13,3.8071655828153914E13,2.2828783833818005E11,-3950385.547770006,6038795.1075514415,36199.05134171359
0-zero-0_0:0:0,-2.5231349309746547E13,3.859340772544636E13,2.314154363741041E11,-3950385.5447332687,6038795.102906462,36199.05131386111
0-zero-0_0:0:0,-2.55726626208115E13,3.911515962233748E13,2.345430344076217E11,-3950385.5417780825,6038795.09838626,36199.05128675695
0-zero-0_0:0:0,-2.5913975931621125E13,3.963691151883805E13,2.3767063243879752E11,-3950385.5389012056,6038795.093985874,36199.051260371336
0-zero-0_0:0:0,-2.6255289242182188E13,4.015866341495843E13,2.407982304676936E11,-3950385.5360995666,6038795.089700603,36199.05123467607
0-zero-0_0:0:0,-2.659660255250119E13,4.068041531070856E13,2.4392582849436963E11,-3950385.533370252,6038795.085525989,36199.05120964442
0-zero-0_0:0:0,-2.6937915862584383E13,4.120216720609801E13,2.470534265188829E11,-3950385.5307104965,6038795.081457798,36199.051185251
0-zero-0_0:0:0,-2.727922917243777E13,4.172391910113596E13,2.501810245412886E11,-3950385.528117675,6038795.0774920145,36199.05116147171
0-zero-0_0:0:0,-2.7620542482067137E13,4.224567099583127E13,2.5330862256163977E11,-3950385.525589292,6038795.073624819,36199.05113828364
0-zero-0_0:0:0,-2.796185579147805E13,4.276742289019246E13,2.564362205799875E11,-3950385.5231229747,6038795.069852579,36199.051115665025
0-zero-0_0:0:0,-2.8303169100675875E13,4.328917478422773E13,2.5956381859638095E11,-3950385.5207164655,6038795.066171842,36199.05109359513
0-zero-0_0:0:0,-2.8644482409665777E13,4.381092667794498E13,2.6269141661086758E11,-3950385.5183676155,6038795.062579316,36199.05107205423
0-zero-0_0:0:0,-2.898579571845274E13,4.433267857135183E13,2.6581901462349307E11,-3950385.5160743766,6038795.05907187,36199.05105102353
0-zero-0_0:0:0,-2.9327109027041562E13,4.485443046445564E13,2.689466126343015E11,-3950385.513834797,6038795.0556465145,36199.05103048513
0-zero-0_0:0:0,-2.966842233543689E13,4.53761823572635E13,2.7207421064333542E11,-3950385.511647015,6038795.052300403,36199.05101042192
0-zero-0_0:0:0,-3.000973564364319E13,4.589793424978226E13,2.7520180865063586E11,-3950385.5095092542,6038795.049030816,36199.05099081762
0-zero-0_0:0:0,-3.035104895166479E13,4.641968614201852E13,2.783294066562425E11,-3950385.507419819,6038795.045835159,36199.050971656645
0-zero-0_0:0:0,-3.0692362259505863E13,4.694143803397868E13,2.814570046601936E11,-3950385.5053770887,6038795.0427109515,36199.05095292414
0-zero-0_0:0:0,-3.1033675567170445E13,4.746318992566891E13,2.8458460266252625E11,-3950385.5033795144,6038795.039655824,36199.05093460588
0-zero-0_0:0:0,-3.1374988874662434E13,4.798494181709517E13,2.877122006632762E11,-3950385.5014256155,6038795.036667512,36199.050916688284
0-zero-0_0:0:0,-3.1716302181985605E13,4.850669370826324E13,2.90839798662478E11,-3950385.499513975,6038795.033743845,36199.05089915834
0-zero-0_0:0:0,-3.2057615489143613E13,4.902844559917871E13,2.939673966601653E11,-3950385.4976432365,6038795.03088275,36199.05088200361
0-zero-0_0:0:0,-3.239892879613999E13,4.9550197489846984E13,2.970949946563704E11,-3950385.4958121018,6038795.028082238,36199.05086521218
0-zero-0_0:0:0,-3.2740242102978152E13,5.007194938027329E13,3.0022259265112476E11,-3950385.494019326,6038795.025340404,36199.05084877262
0-zero-0_0:0:0,-3.308155540966142E13,5.05937012704627E13,3.0335019064445874E11,-3950385.4922637157,6038795.022655426,36199.05083267398
0-zero-0_0:0:0,-3.3422868716193008E13,5.111545316042013E13,3.064777886364018E11,-3950385.490544128,6038795.02002555,36199.05081690577
0-zero-0_0:0:0,-3.376418202257602E13,5.163720505015034E13,3.096053866269825E11,-3950385.4888594653,6038795.0174491005,36199.05080145793
0-zero-0_0:0:0,-3.4105495328813477E13,5.2158956939657945E13,3.1273298461622845E11,-3950385.487208674,6038795.014924464,36199.05078632078
0-zero-0_0:0:0,-3.4446808634908305E13,5.268070882894742E13,3.1586058260416656E11,-3950385.485590743,6038795.012450093,36199.050771485054
0-zero-0_0:0:0,-3.4788121940863344E13,5.320246071802311E13,3.189881805908229E11,-3950385.4840047006,6038795.010024502,36199.050756941826
0-zero-0_0:0:0,-3.512943524668135E13,5.372421260688923E13,3.2211577857622266E11,-3950385.4824496135,6038795.007646262,36199.050742682535
0-zero-0_0:0:0,-3.5470748552365E13,5.424596449554987E13,3.2524337656039044E11,-3950385.480924584,6038795.005314,36199.050728698945
0-zero-0_0:0:0,-3.581206185791688E13,5.4767716384009E13,3.2837097454335004E11,-3950385.479428749,6038795.003026395,36199.05071498314
0-zero-0_0:0:0,-3.615337516333952E13,5.5289468272270484E13,3.314985725251246E11,-3950385.477961278,6038795.000782178,36199.05070152749
0-zero-0_0:0:0,-3.6494688468635375E13,5.581122016033806E13,3.346261705057366E11,-3950385.4765213723,6038794.998580124,36199.05068832468
0-zero-0_0:0:0,-3.683600177380682E13,5.633297204821538E13,3.377537684852078E11,-3950385.475108262,6038794.996419058,36199.05067536764
0-zero-0_0:0:0,-3.717731507885617E13,5.685472393590599E13,3.408813664635596E11,-3950385.473721206,6038794.994297845,36199.05066264957
0-zero-0_0:0:0,-3.751862838378569E13,5.737647582341333E13,3.440089644408125E11,-3950385.472359491,6038794.992215393,36199.05065016392
0-zero-0_0:0:0,-3.785994168859755E13,5.7898227710740734E13,3.4713656241698663E11,-3950385.471022428,6038794.990170649,36199.05063790437
0-zero-0_0:0:0,-3.820125499329388E13,5.841997959789148E13,3.5026416039210156E11,-3950385.469709354,6038794.988162599,36199.05062586485
0-zero-0_0:0:0,-3.854256829787677E13,5.894173148486873E13,3.533917583661763E11,-3950385.468419629,6038794.986190262,36199.05061403948
0-zero-0_0:0:0,-3.888388160234823E13,5.946348337167556E13,3.565193563392293E11,-3950385.467152636,6038794.984252696,36199.0506024226
0-zero-0_0:0:0,-3.922519490671021E13,5.998523525831499E13,3.596469543112786E11,-3950385.465907779,6038794.982348988,36199.05059100874
0-zero-0_0:0:0,-3.956650821096464E13,6.0506987144789945E13,3.627745522823418E11,-3950385.464684483,6038794.980478258,36199.05057979262
0-zero-0_0:0:0,-3.990782151511338E13,6.1028739031103266E13,3.6590215025243585E11,-3950385.4634821927,6038794.978639658,36199.050568769155
0-zero-0_0:0:0,-4.024913481915824E13,6.1550490917257734E13,3.690297482215775E11,-3950385.4623003714,6038794.976832366,36199.05055793342
0-zero-0_0:0:0,-4.059044812310099E13,6.207224280325605E13,3.7215734618978296E11,-3950385.461138501,6038794.975055589,36199.05054728066
0-zero-0_0:0:0,-4.093176142694336E13,6.259399468910085E13,3.75284944157068E11,-3950385.4599960805,6038794.973308561,36199.05053680628
0-zero-0_0:0:0,-4.127307473068702E13,6.311574657479471E13,3.7841254212344806E11,-3950385.4588726256,6038794.971590542,36199.05052650583
0-zero-0_0:0:0,-4.161438803433362E13,6.363749846034013E13,3.815401400889382E11,-3950385.4577676677,6038794.969900815,36199.05051637502
0-zero-0_0:0:0,-4.195570133788474E13,6.415925034573956E13,3.84667738053553E11,-3950385.4566807537,6038794.968238685,36199.050506409694
0-zero-0_0:0:0,-4.229701464134196E13,6.468100223099538E13,3.8779533601730676E11,-3950385.4556114455,6038794.966603484,36199.05049660583
0-zero-0_0:0:0,-4.263832794470679E13,6.520275411610992E13,3.909229339802135E11,-3950385.4545593187,6038794.964994561,36199.05048695953
0-zero-0_0:0:0,-4.297964124798071E13,6.572450600108545E13,3.940505319422868E11,-3950385.4535239628,6038794.963411288,36199.05047746703
0-zero-0_0:0:0,-4.332095455116518E13,6.624625788592419E13,3.9717812990354E11,-3950385.4525049794,6038794.961853057,36199.05046812469
0-zero-0_0:0:0,-4.366226785426161E13,6.676800977062829E13,4.0030572786398596E11,-3950385.451501983,6038794.960319279,36199.050458928956
0-zero-0_0:0:0,-4.400358115727138E13,6.7289761655199875E13,4.0343332582363745E11,-3950385.4505146015,6038794.958809381,36199.05044987642
0-zero-0_0:0:0,-4.434489446019584E13,6.781151353964101E13,4.065609237825068E11,-3950385.449542472,6038794.957322812,36199.05044096376
0-zero-0_0:0:0,-4.468620776303631E13,6.8333265423953695E13,4.09688521740606E11,-3950385.4485852444,6038794.955859033,36199.050432187745
0-zero-0_0:0:0,-4.502752106579408E13,6.8855017308139914E13,4.12816119697947E11,-3950385.447642578,6038794.954417526,36199.050423545275
0-zero-0_0:0:0,-4.53688343684704E13,6.9376769192201586E13,4.159437176545413E11,-3950385.4467141433,6038794.952997785,36199.050415033314
0-zero-0_0:0:0,-4.57101476710665E13,6.989852107614059E13,4.190713156104002E11,-3950385.445799621,6038794.951599322,36199.05040664893
0-zero-0_0:0:0,-4.6051460973583586E13,7.042027295995878E13,4.2219891356553467E11,-3950385.4448987,6038794.9502216615,36199.05039838928
0-zero-0_0:0:0,-4.6392774276022836E13,7.094202484365794E13,4.253265115199555E11,-3950385.444011079,6038794.948864343,36199.05039025159
0-zero-0_0:0:0,-4.673408757838539E13,7.146377672723981E13,4.284541094736732E11,-3950385.4431364667,6038794.947526919,36199.050382233196
0-zero-0_0:0:0,-4.707540088067238E13,7.198552861070614E13,4.315817074266982E11,-3950385.4422745784,6038794.946208955,36199.050374331484
0-zero-0_0:0:0,-4.741671418288491E13,7.25072804940586E13,4.347093053790404E11,-3950385.441425138,6038794.94491003,36199.050366543925
0-zero-0_0:0:0,-4.775802748502404E13,7.302903237729881E13,4.378369033307098E11,-3950385.4405878787,6038794.943629734,36199.05035886806
0-zero-0_0:0:0,-4.809934078709083E13,7.355078426042842E13,4.40964501281716E11,-3950385.43976254,6038794.94236767,36199.05035130151
0-zero-0_0:0:0,-4.844065408908631E13,7.407253614344898E13,4.440920992320685E11,-3950385.4389488692,6038794.94112345,36199.05034384195
0-zero-0_0:0:0,-4.878196739101149E13,7.459428802636205E13,4.472196971817764E11,-3950385.4381466205,6038794.939896699,36199.05033648713
0-zero-0_0:0:0,-4.912328069286736E13,7.511603990916912E13,4.5034729513084894E11,-3950385.437355555,6038794.938687052,36199.050329234866
0-zero-0_0:0:0,-4.946459399465488E13,7.563779179187169E13,4.534748930792948E11,-3950385.4365754407,6038794.937494152,36199.050322083014
0-zero-0_0:0:0,-4.9805907296375E13,7.615954367447119E13,4.566024910271228E11,-3950385.4358060514,6038794.936317656,36199.05031502951
0-zero-0_0:0:0,-5.014722059802864E13,7.668129555696903E13,4.597300889743414E11,-3950385.435047168,6038794.935157226,36199.05030807234
0-zero-0_0:0:0,-5.048853389961672E13,7.720304743936661E13,4.628576869209588E11,-3950385.434298576,6038794.934012537,36199.05030120955
0-zero-0_0:0:0,-5.082984720114012E13,7.77247993216653E13,4.659852848669833E11,-3950385.433560068,6038794.932883269,36199.05029443922
0-zero-0_0:0:0,-5.11711605025997E13,7.82465512038664E13,4.6911288281242285E11,-3950385.4328314415,6038794.931769114,36199.050287759506
0-zero-0_0:0:0,-5.1512473803996336E13,7.876830308597125E13,4.722404807572853E11,-3950385.4321124996,6038794.93066977,36199.050281168595
0-zero-0_0:0:0,-5.185378710533086E13,7.929005496798112E13,4.7536807870157825E11,-3950385.43140305,6038794.929584943,36199.050274664725
0-zero-0_0:0:0,-5.2195100406604086E13,7.981180684989727E13,4.7849567664530927E11,-3950385.430702907,6038794.928514347,36199.05026824619
0-zero-0_0:0:0,-5.253641370781682E13,8.03335587317209E13,4.816232745884857E11,-3950385.4300118876,6038794.927457706,36199.05026191131
0-zero-0_0:0:0,-5.287772700896984E13,8.085531061345325E13,4.8475087253111487E11,-3950385.429329815,6038794.926414747,36199.05025565847
0-zero-0_0:0:0,-5.321904031006394E13,8.137706249509548E13,4.8787847047320374E11,-3950385.4286565166,6038794.925385206,36199.050249486085
0-zero-0_0:0:0,-5.356035361109986E13,8.189881437664877E13,4.9100606841475934E11,-3950385.427991824,6038794.924368827,36199.05024339261
0-zero-0_0:0:0,-5.390166691207835E13,8.242056625811423E13,4.9413366635578845E11,-3950385.427335574,6038794.923365358,36199.05023737654
0-zero-0_0:0:0,-5.424298021300015E13,8.2942318139493E13,4.972612642962978E11,-3950385.4266876057,6038794.922374556,36199.05023143641
0-zero-0_0:0:0,-5.458429351386596E13,8.346407002078616E13,5.003888622362939E11,-3950385.426047764,6038794.921396181,36199.0502255708
0-zero-0_0:0:0,-5.4925606814676484E13,8.398582190199478E13,5.035164601757832E11,-3950385.4254158963,6038794.920430002,36199.050219778306
0-zero-0_0:0:0,-5.5266920115432414E13,8.450757378311994E13,5.0664405811477203E11,-3950385.4247918553,6038794.919475791,36199.05021405757
0-zero-0_0:0:0,-5.560823341613443E13,8.502932566416264E13,5.097716560532666E11,-3950385.424175496,6038794.918533328,36199.05020840727
0-zero-0_0:0:0,-5.5949546716783195E13,8.555107754512392E13,5.12899253991273E11,-3950385.4235666776,6038794.917602397,36199.05020282612
0-zero-0_0:0:0,-5.629086001737936E13,8.607282942600477E13,5.160268519287972E11,-3950385.4229652626,6038794.916682787,36199.05019731284
0-zero-0_0:0:0,-5.6632173317923555E13,8.659458130680616E13,5.1915444986584503E11,-3950385.4223711165,6038794.915774294,36199.05019186622
0-zero-0_0:0:0,-5.697348661841642E13,8.711633318752906E13,5.222820478024223E11,-3950385.4217841085,6038794.914876717,36199.050186485045
0-zero-0_0:0:0,-5.731479991885857E13,8.76380850681744E13,5.254096457385346E11,-3950385.4212041106,6038794.913989861,36199.050181168146
0-zero-0_0:0:0,-5.765611321925061E13,8.815983694874312E13,5.2853724367418756E11,-3950385.420630998,6038794.9131135335,36199.05017591438
0-zero-0_0:0:0,-5.7997426519593125E13,8.868158882923614E13,5.3166484160938654E11,-3950385.420064649,6038794.91224755,36199.05017072263
0-zero-0_0:0:0,-5.833873981988671E13,8.920334070965433E13,5.3479243954413696E11,-3950385.4195049447,6038794.911391728,36199.0501655918
0-zero-0_0:0:0,-5.868005312013194E13,8.972509258999858E13,5.379200374784441E11,-3950385.4189517684,6038794.910545888,36199.05016052082
0-zero-0_0:0:0,-5.902136642032937E13,9.024684447026975E13,5.410476354123131E11,-3950385.4184050066,6038794.909709859,36199.05015550866
0-zero-0_0:0:0,-5.936267972047956E13,9.076859635046869E13,5.441752333457491E11,-3950385.4178645485,6038794.908883469,36199.05015055429
0-zero-0_0:0:0,-5.970399302058306E13,9.129034823059622E13,5.4730283127875696E11,-3950385.417330286,6038794.908066554,36199.05014565673
0-zero-0_0:0:0,-6.00453063206404E13,9.181210011065317E13,5.504304292113417E11,-3950385.416802113,6038794.907258951,36199.050140815
0-zero-0_0:0:0,-6.03866196206521E13,9.233385199064034E13,5.53558027143508E11,-3950385.4162799255,6038794.906460502,36199.050136028156
0-zero-0_0:0:0,-6.072793292061869E13,9.285560387055853E13,5.566856250752609E11,-3950385.415763623,6038794.905671053,36199.05013129526
0-zero-0_0:0:0,-6.1069246220540664E13,9.337735575040852E13,5.598132230066047E11,-3950385.4152531065,6038794.904890451,36199.05012661542
0-zero-0_0:0:0,-6.141055952041853E13,9.389910763019105E13,5.629408209375443E11,-3950385.414748279,6038794.904118548,36199.05012198773
0-zero-0_0:0:0,-6.175187282025278E13,9.442085950990689E13,5.660684188680841E11,-3950385.414249046,6038794.903355202,36199.050117411345
0-zero-0_0:0:0,-6.20931861200439E13,9.494261138955678E13,5.691960167982284E11,-3950385.4137553144,6038794.902600269,36199.0501128854
0-zero-0_0:0:0,-6.243449941979236E13,9.546436326914144E13,5.723236147279817E11,-3950385.413266995,6038794.901853612,36199.05010840907
0-zero-0_0:0:0,-6.2775812719498625E13,9.59861151486616E13,5.754512126573483E11,-3950385.4127839985,6038794.901115094,36199.05010398155
0-zero-0_0:0:0,-6.3117126019163164E13,9.650786702811794E13,5.785788105863323E11,-3950385.4123062384,6038794.900384584,36199.050099602035
0-zero-0_0:0:0,-6.345843931878642E13,9.702961890751117E13,5.817064085149379E11,-3950385.4118336304,6038794.899661953,36199.050095269755
0-zero-0_0:0:0,-6.379975261836884E13,9.755137078684197E13,5.848340064431692E11,-3950385.411366091,6038794.898947073,36199.05009098395
0-zero-0_0:0:0,-6.4141065917910875E13,9.8073122666111E13,5.879616043710302E11,-3950385.4109035395,6038794.89823982,36199.050086743875
0-zero-0_0:0:0,-6.448237921741294E13,9.859487454531892E13,5.910892022985248E11,-3950385.4104458964,6038794.897540074,36199.050082548805
0-zero-0_0:0:0,-6.482369251687546E13,9.911662642446639E13,5.94216800225657E11,-3950385.409993084,6038794.896847715,36199.050078398024
0-zero-0_0:0:0,-6.516500581629887E13,9.963837830355403E13,5.973443981524305E11,-3950385.4095450263,6038794.896162626,36199.05007429083
0-zero-0_0:0:0,-6.5506319115683555E13,1.0016013018258248E14,6.004719960788492E11,-3950385.4091016487,6038794.895484694,36199.05007022655
0-zero-0_0:0:0,-6.584763241502994E13,1.0068188206155236E14,6.035995940049169E11,-3950385.4086628784,6038794.894813808,36199.05006620451
0-zero-0_0:0:0,-6.6188945714338414E13,1.0120363394046427E14,6.06727191930637E11,-3950385.4082286437,6038794.894149858,36199.05006222405
0-zero-0_0:0:0,-6.653025901360937E13,1.0172538581931881E14,6.098547898560131E11,-3950385.4077988747,6038794.893492736,36199.050058284534
0-zero-0_0:0:0,-6.687157231284319E13,1.0224713769811658E14,6.129823877810488E11,-3950385.407373503,6038794.892842338,36199.050054385334
0-zero-0_0:0:0,-6.721288561204026E13,1.0276888957685816E14,6.161099857057477E11,-3950385.406952461,6038794.892198563,36199.05005052583
0-zero-0_0:0:0,-6.755419891120095E13,1.0329064145554411E14,6.192375836301132E11,-3950385.406535684,6038794.891561308,36199.05004670542
0-zero-0_0:0:0,-6.789551221032563E13,1.03812393334175E14,6.223651815541486E11,-3950385.406123107,6038794.890930476,36199.05004292352
0-zero-0_0:0:0,-6.823682550941467E13,1.0433414521275139E14,6.254927794778572E11,-3950385.405714666,6038794.890305969,36199.05003917954
0-zero-0_0:0:0,-6.857813880846842E13,1.0485589709127383E14,6.286203774012423E11,-3950385.4053103,6038794.889687693,36199.05003547292
0-zero-0_0:0:0,-6.8919452107487234E13,1.0537764896974284E14,6.317479753243071E11,-3950385.4049099484,6038794.889075555,36199.050031803105
0-zero-0_0:0:0,-6.926076540647145E13,1.0589940084815897E14,6.348755732470549E11,-3950385.4045135514,6038794.888469465,36199.05002816954
0-zero-0_0:0:0,-6.960207870542142E13,1.0642115272652273E14,6.380031711694888E11,-3950385.4041210506,6038794.887869333,36199.050024571705
0-zero-0_0:0:0,-6.9943392004337484E13,1.0694290460483464E14,6.411307690916118E11,-3950385.4037323887,6038794.887275072,36199.05002100906
0-zero-0_0:0:0,-7.028470530321996E13,1.074646564830952E14,6.44258367013427E11,-3950385.4033475104,6038794.886686595,36199.0500174811
0-zero-0_0:0:0,-7.062601860206919E13,1.0798640836130492E14,6.473859649349374E11,-3950385.40296636,6038794.88610382,36199.050013987326
0-zero-0_0:0:0,-7.096733190088548E13,1.085081602394643E14,6.505135628561459E11,-3950385.402588884,6038794.885526663,36199.05001052723
0-zero-0_0:0:0,-7.130864519966916E13,1.090299121175738E14,6.536411607770554E11,-3950385.402215029,6038794.884955043,36199.05000710033
0-zero-0_0:0:0,-7.164995849842053E13,1.095516639956339E14,6.56768758697669E11,-3950385.4018447436,6038794.884388882,36199.050003706165
0-zero-0_0:0:0,-7.199127179713992E13,1.1007341587364511E14,6.598963566179891E11,-3950385.4014779767,6038794.883828101,36199.05000034425
0-zero-0_0:0:0,-7.233258509582762E13,1.1059516775160786E14,6.630239545380189E11,-3950385.4011146785,6038794.883272625,36199.04999701414
0-zero-0_0:0:0,-7.267389839448394E13,1.1111691962952261E14,6.66151552457761E11,-3950385.4007548,6038794.882722377,36199.04999371538
0-zero-0_0:0:0,-7.301521169310916E13,1.1163867150738983E14,6.69279150377218E11,-3950385.4003982935,6038794.882177285,36199.04999044753
0-zero-0_0:0:0,-7.335652499170356E13,1.1216042338520995E14,6.724067482963927E11,-3950385.4000451113,6038794.881637277,36199.04998721016
0-zero-0_0:0:0,-7.369783829026745E13,1.126821752629834E14,6.755343462152876E11,-3950385.3996952074,6038794.881102282,36199.04998400284
0-zero-0_0:0:0,-7.403915158880112E13,1.1320392714071064E14,6.786619441339054E11,-3950385.399348536,6038794.88057223,36199.04998082516
0-zero-0_0:0:0,-7.438046488730484E13,1.1372567901839208E14,6.817895420522487E11,-3950385.399005053,6038794.880047053,36199.04997767671
0-zero-0_0:0:0,-7.472177818577888E13,1.1424743089602814E14,6.8491713997032E11,-3950385.3986647143,6038794.879526685,36199.049974557085
0-zero-0_0:0:0,-7.50630914842235E13,1.1476918277361925E14,6.880447378881217E11,-3950385.3983274773,6038794.879011059,36199.049971465894
0-zero-0_0:0:0,-7.5404404782639E13,1.1529093465116581E14,6.911723358056564E11,-3950385.397993299,6038794.878500111,36199.049968402745
0-zero-0_0:0:0,-7.574571808102562E13,1.1581268652866822E14,6.942999337229264E11,-3950385.397662139,6038794.877993778,36199.04996536727
0-zero-0_0:0:0,-7.608703137938364E13,1.1633443840612688E14,6.974275316399341E11,-3950385.397333956,6038794.877491998,36199.04996235908
0-zero-0_0:0:0,-7.64283446777133E13,1.1685619028354219E14,7.005551295566819E11,-3950385.39700871,6038794.876994708,36199.049959377815
0-zero-0_0:0:0,-7.676965797601484E13,1.1737794216091453E14,7.036827274731721E11,-3950385.396686362,6038794.876501849,36199.04995642312
0-zero-0_0:0:0,-7.711097127428855E13,1.178996940382443E14,7.068103253894071E11,-3950385.3963668733,6038794.876013363,36199.049953494636
0-zero-0_0:0:0,-7.745228457253464E13,1.1842144591553184E14,7.09937923305389E11,-3950385.396050206,6038794.8755291905,36199.049950592016
0-zero-0_0:0:0,-7.779359787075338E13,1.1894319779277756E14,7.130655212211202E11,-3950385.3957363227,6038794.875049275,36199.04994771492
0-zero-0_0:0:0,-7.8134911168945E13,1.1946494966998181E14,7.161931191366028E11,-3950385.3954251874,6038794.874573562,36199.049944863014
0-zero-0_0:0:0,-7.847622446710973E13,1.1998670154714497E14,7.19320717051839E11,-3950385.3951167637,6038794.8741019955,36199.04994203597
0-zero-0_0:0:0,-7.881753776524783E13,1.2050845342426738E14,7.224483149668309E11,-3950385.3948110165,6038794.873634522,36199.04993923346
0-zero-0_0:0:0,-7.91588510633595E13,1.2103020530134939E14,7.255759128815807E11,-3950385.394507911,6038794.873171087,36199.04993645517
0-zero-0_0:0:0,-7.950016436144498E13,1.2155195717839138E14,7.287035107960905E11,-3950385.3942074133,6038794.87271164,36199.049933700786
0-zero-0_0:0:0,-7.98414776595045E13,1.2207370905539366E14,7.318311087103622E11,-3950385.3939094897,6038794.872256129,36199.04993097
0-zero-0_0:0:0,-8.018279095753828E13,1.2259546093235658E14,7.34958706624398E11,-3950385.3936141073,6038794.871804504,36199.04992826251
0-zero-0_0:0:0,-8.052410425554655E13,1.2311721280928048E14,7.380863045381998E11,-3950385.393321234,6038794.8713567145,36199.04992557802
0-zero-0_0:0:0,-8.08654175535295E13,1.236389646861657E14,7.412139024517698E11,-3950385.393030837,6038794.870912713,36199.04992291624
0-zero-0_0:0:0,-8.120673085148736E13,1.2416071656301256E14,7.443415003651097E11,-3950385.392742886,6038794.870472452,36199.04992027688
0-zero-0_0:0:0,-8.154804414942034E13,1.2468246843982138E14,7.474690982782217E11,-3950385.3924573506,6038794.870035883,36199.04991765966
0-zero-0_0:0:0,-8.188935744732866E13,1.2520422031659247E14,7.505966961911074E11,-3950385.3921741997,6038794.869602961,36199.04991506429
0-zero-0_0:0:0,-8.22306707452125E13,1.2572597219332617E14,7.537242941037689E11,-3950385.3918934036,6038794.8691736385,36199.04991249052
0-zero-0_0:0:0,-8.25719840430721E13,1.2624772407002278E14,7.568518920162081E11,-3950385.391614933,6038794.868747873,36199.04990993807
0-zero-0_0:0:0,-8.291329734090762E13,1.267694759466826E14,7.599794899284268E11,-3950385.3913387596,6038794.86832562,36199.049907406676
0-zero-0_0:0:0,-8.32546106387193E13,1.2729122782330592E14,7.631070878404266E11,-3950385.391064855,6038794.867906836,36199.04990489608
0-zero-0_0:0:0,-8.35959239365073E13,1.2781297969989308E14,7.662346857522097E11,-3950385.390793191,6038794.867491478,36199.04990240602
0-zero-0_0:0:0,-8.393723723427183E13,1.2833473157644434E14,7.693622836637776E11,-3950385.39052374,6038794.867079505,36199.04989993625
0-zero-0_0:0:0,-8.427855053201308E13,1.2885648345296002E14,7.724898815751321E11,-3950385.3902564757,6038794.866670875,36199.04989748653
0-zero-0_0:0:0,-8.461986382973123E13,1.2937823532944038E14,7.756174794862749E11,-3950385.3899913714,6038794.866265547,36199.04989505661
0-zero-0_0:0:0,-8.496117712742648E13,1.2989998720588572E14,7.787450773972078E11,-3950385.389728401,6038794.8658634825,36199.04989264625
0-zero-0_0:0:0,-8.530249042509902E13,1.3042173908229633E14,7.818726753079324E11,-3950385.389467539,6038794.865464642,36199.04989025522
0-zero-0_0:0:0,-8.564380372274902E13,1.3094349095867247E14,7.850002732184504E11,-3950385.3892087596,6038794.865068986,36199.04988788328
0-zero-0_0:0:0,-8.598511702037666E13,1.3146524283501442E14,7.881278711287635E11,-3950385.3889520387,6038794.864676477,36199.04988553021
0-zero-0_0:0:0,-8.632643031798211E13,1.3198699471132247E14,7.912554690388734E11,-3950385.3886973513,6038794.864287078,36199.049883195774
0-zero-0_0:0:0,-8.666774361556556E13,1.3250874658759688E14,7.943830669487815E11,-3950385.3884446733,6038794.863900752,36199.049880879764
0-zero-0_0:0:0,-8.700905691312719E13,1.330304984638379E14,7.975106648584895E11,-3950385.3881939813,6038794.863517461,36199.04987858196
0-zero-0_0:0:0,-8.735037021066714E13,1.3355225034004581E14,8.00638262767999E11,-3950385.387945252,6038794.863137173,36199.049876302146
0-zero-0_0:0:0,-8.769168350818561E13,1.3407400221622086E14,8.037658606773115E11,-3950385.3876984622,6038794.862759849,36199.049874040116
0-zero-0_0:0:0,-8.803299680568275E13,1.3459575409236331E14,8.068934585864286E11,-3950385.3874535896,6038794.862385457,36199.04987179566
0-zero-0_0:0:0,-8.837431010315873E13,1.3511750596847342E14,8.100210564953517E11,-3950385.3872106117,6038794.862013962,36199.04986956857
0-zero-0_0:0:0,-8.871562340061373E13,1.3563925784455142E14,8.131486544040824E11,-3950385.3869695067,6038794.861645331,36199.04986735865
0-zero-0_0:0:0,-8.90569366980479E13,1.3616100972059758E14,8.162762523126222E11,-3950385.3867302528,6038794.86127953,36199.049865165696
0-zero-0_0:0:0,-8.93982499954614E13,1.3668276159661212E14,8.194038502209725E11,-3950385.386492829,6038794.860916528,36199.04986298952
0-zero-0_0:0:0,-8.973956329285439E13,1.3720451347259531E14,8.225314481291349E11,-3950385.386257214,6038794.860556292,36199.04986082993
0-zero-0_0:0:0,-9.008087659022702E13,1.3772626534854738E14,8.256590460371106E11,-3950385.386023388,6038794.860198791,36199.04985868674
0-zero-0_0:0:0,-9.042218988757944E13,1.3824801722446855E14,8.287866439449011E11,-3950385.38579133,6038794.859843994,36199.04985655975
0-zero-0_0:0:0,-9.076350318491181E13,1.3876976910035906E14,8.319142418525079E11,-3950385.3855610206,6038794.859491869,36199.04985444879
0-zero-0_0:0:0,-9.110481648222428E13,1.3929152097621916E14,8.350418397599323E11,-3950385.3853324396,6038794.859142387,36199.04985235368
0-zero-0_0:0:0,-9.1446129779517E13,1.3981327285204906E14,8.381694376671757E11,-3950385.385105568,6038794.85879552,36199.049850274234
0-zero-0_0:0:0,-9.178744307679012E13,1.40335024727849E14,8.412970355742394E11,-3950385.3848803863,6038794.858451236,36199.049848210285
0-zero-0_0:0:0,-9.21287563740438E13,1.408567766036192E14,8.444246334811248E11,-3950385.384656876,6038794.858109508,36199.04984616165
0-zero-0_0:0:0,-9.247006967127816E13,1.4137852847935984E14,8.475522313878331E11,-3950385.384435018,6038794.857770307,36199.049844128174
0-zero-0_0:0:0,-9.281138296849334E13,1.419002803550712E14,8.506798292943658E11,-3950385.3842147947,6038794.857433605,36199.04984210968
0-zero-0_0:0:0,-9.31526962656895E13,1.4242203223075344E14,8.538074272007241E11,-3950385.383996188,6038794.857099375,36199.049840105996
0-zero-0_0:0:0,-9.349400956286677E13,1.429437841064068E14,8.569350251069093E11,-3950385.3837791802,6038794.856767589,36199.049838116975
0-zero-0_0:0:0,-9.383532286002528E13,1.4346553598203153E14,8.600626230129226E11,-3950385.3835637537,6038794.856438221,36199.04983614245
0-zero-0_0:0:0,-9.417663615716519E13,1.4398728785762778E14,8.631902209187653E11,-3950385.383349891,6038794.856111245,36199.04983418225
0-zero-0_0:0:0,-9.451794945428662E13,1.4450903973319578E14,8.663178188244386E11,-3950385.3831375754,6038794.855786635,36199.04983223624
0-zero-0_0:0:0,-9.485926275138972E13,1.4503079160873575E14,8.694454167299438E11,-3950385.38292679,6038794.8554643635,36199.049830304255
0-zero-0_0:0:0,-9.52005760484746E13,1.4555254348424788E14,8.725730146352821E11,-3950385.3827175186,6038794.855144408,36199.04982838615
0-zero-0_0:0:0,-9.554188934554139E13,1.4607429535973234E14,8.757006125404547E11,-3950385.3825097447,6038794.854826742,36199.04982648178
0-zero-0_0:0:0,-9.588320264259023E13,1.4659604723518938E14,8.788282104454628E11,-3950385.3823034526,6038794.854511341,36199.049824590984
0-zero-0_0:0:0,-9.622451593962125E13,1.4711779911061916E14,8.819558083503074E11,-3950385.3820986263,6038794.854198182,36199.04982271363
0-zero-0_0:0:0,-9.656582923663458E13,1.4763955098602188E14,8.850834062549899E11,-3950385.38189525,6038794.85388724,36199.04982084956
0-zero-0_0:0:0,-9.690714253363033E13,1.4816130286139772E14,8.882110041595112E11,-3950385.381693309,6038794.853578492,36199.049818998654
0-zero-0_0:0:0,-9.724845583060862E13,1.486830547367469E14,8.913386020638727E11,-3950385.381492788,6038794.853271915,36199.049817160754
0-zero-0_0:0:0,-9.758976912756961E13,1.492048066120696E14,8.944661999680753E11,-3950385.381293671,6038794.852967486,36199.04981533573
0-zero-0_0:0:0,-9.793108242451338E13,1.49726558487366E14,8.975937978721204E11,-3950385.381095945,6038794.852665182,36199.04981352346
0-zero-0_0:0:0,-9.827239572144006E13,1.5024831036263628E14,9.007213957760088E11,-3950385.380899594,6038794.852364982,36199.049811723795
0-zero-0_0:0:0,-9.861370901834978E13,1.5077006223788062E14,9.038489936797417E11,-3950385.3807046046,6038794.852066862,36199.04980993661
0-zero-0_0:0:0,-9.895502231524266E13,1.512918141130992E14,9.069765915833202E11,-3950385.380510962,6038794.851770803,36199.04980816177
0-zero-0_0:0:0,-9.92963356121188E13,1.518135659882922E14,9.101041894867454E11,-3950385.3803186533,6038794.851476783,36199.049806399154
0-zero-0_0:0:0,-9.963764890897833E13,1.5233531786345978E14,9.132317873900182E11,-3950385.3801276637,6038794.851184781,36199.04980464863
0-zero-0_0:0:0,-9.997896220582136E13,1.5285706973860216E14,9.163593852931398E11,-3950385.3799379803,6038794.850894775,36199.049802910085
0-zero-0_0:0:0,-1.00320275502648E14,1.5337882161371947E14,9.194869831961112E11,-3950385.3797495896,6038794.850606746,36199.049801183384
0-zero-0_0:0:0,-1.0066158879945836E14,1.539005734888119E14,9.226145810989335E11,-3950385.3795624785,6038794.850320674,36199.04979946841
0-zero-0_0:0:0,-1.0100290209625256E14,1.5442232536387962E14,9.257421790016075E11,-3950385.379376634,6038794.850036537,36199.04979776505
0-zero-0_0:0:0,-1.013442153930307E14,1.5494407723892278E14,9.288697769041344E11,-3950385.379192043,6038794.849754318,36199.04979607318
0-zero-0_0:0:0,-1.0168552868979289E14,1.5546582911394156E14,9.319973748065151E11,-3950385.379008693,6038794.849473996,36199.04979439269
0-zero-0_0:0:0,-1.0202684198653923E14,1.5598758098893612E14,9.351249727087506E11,-3950385.3788265716,6038794.849195553,36199.04979272346
0-zero-0_0:0:0,-1.0236815528326984E14,1.5650933286390662E14,9.382525706108419E11,-3950385.3786456664,6038794.84891897,36199.04979106538
0-zero-0_0:0:0,-1.0270946857998483E14,1.5703108473885322E14,9.413801685127899E11,-3950385.3784659654,6038794.848644228,36199.049789418335
0-zero-0_0:0:0,-1.0305078187668428E14,1.575528366137761E14,9.445077664145957E11,-3950385.3782874565,6038794.848371308,36199.04978778222
0-zero-0_0:0:0,-1.0339209517336831E14,1.5807458848867538E14,9.476353643162601E11,-3950385.378110128,6038794.848100194,36199.049786156924
0-zero-0_0:0:0,-1.0373340847003703E14,1.5859634036355122E14,9.50762962217784E11,-3950385.3779339683,6038794.8478308655,36199.04978454234
0-zero-0_0:0:0,-1.0407472176669053E14,1.591180922384038E14,9.538905601191685E11,-3950385.377758966,6038794.847563307,36199.04978293836
0-zero-0_0:0:0,-1.044160350633289E14,1.5963984411323328E14,9.570181580204143E11,-3950385.377585109,6038794.8472975,36199.04978134489
0-zero-0_0:0:0,-1.0475734835995227E14,1.6016159598803978E14,9.601457559215225E11,-3950385.3774123867,6038794.847033428,36199.049779761815
0-zero-0_0:0:0,-1.050986616565607E14,1.6068334786282347E14,9.632733538224939E11,-3950385.377240788,6038794.8467710735,36199.04977818904
0-zero-0_0:0:0,-1.0543997495315431E14,1.612050997375845E14,9.664009517233295E11,-3950385.377070302,6038794.846510421,36199.04977662646
0-zero-0_0:0:0,-1.0578128824973319E14,1.61726851612323E14,9.6952854962403E11,-3950385.376900918,6038794.846251452,36199.04977507398
0-zero-0_0:0:0,-1.0612260154629742E14,1.6224860348703912E14,9.726561475245964E11,-3950385.3767326246,6038794.845994152,36199.04977353151
0-zero-0_0:0:0,-1.0646391484284712E14,1.6277035536173303E14,9.757837454250295E11,-3950385.376565412,6038794.845738504,36199.049771998936
0-zero-0_0:0:0,-1.0680522813938238E14,1.6329210723640484E14,9.789113433253302E11,-3950385.37639927,6038794.845484492,36199.04977047617
0-zero-0_0:0:0,-1.0714654143590327E14,1.6381385911105472E14,9.820389412254994E11,-3950385.3762341873,6038794.845232102,36199.04976896313
0-zero-0_0:0:0,-1.074878547324099E14,1.6433561098568278E14,9.851665391255378E11,-3950385.376070155,6038794.8449813165,36199.04976745971
0-zero-0_0:0:0,-1.0782916802890238E14,1.6485736286028916E14,9.882941370254464E11,-3950385.375907162,6038794.844732122,36199.04976596583
0-zero-0_0:0:0,-1.0817048132538075E14,1.65379114734874E14,9.914217349252258E11,-3950385.3757451996,6038794.8444845015,36199.04976448138
0-zero-0_0:0:0,-1.0851179462184514E14,1.6590086660943747E14,9.945493328248771E11,-3950385.3755842573,6038794.844238441,36199.04976300629
0-zero-0_0:0:0,-1.0885310791829562E14,1.6642261848397966E14,9.976769307244009E11,-3950385.375424326,6038794.843993926,36199.04976154046
0-zero-0_0:0:0,-1.0919442121473228E14,1.6694437035850072E14,1.000804528623798E12,-3950385.3752653957,6038794.8437509425,36199.049760083806
0-zero-0_0:0:0,-1.0953573451115522E14,1.674661222330008E14,1.0039321265230692E12,-3950385.3751074574,6038794.843509475,36199.04975863625
0-zero-0_0:0:0,-1.098770478075645E14,1.6798787410748003E14,1.0070597244222153E12,-3950385.3749505016,6038794.843269509,36199.049757197696
0-zero-0_0:0:0,-1.1021836110396022E14,1.6850962598193853E14,1.0101873223212372E12,-3950385.3747945195,6038794.843031032,36199.049755768065
0-zero-0_0:0:0,-1.1055967440034247E14,1.690313778563764E14,1.0133149202201355E12,-3950385.374639502,6038794.84279403,36199.049754347274
0-zero-0_0:0:0,-1.1090098769671133E14,1.695531297307938E14,1.0164425181189111E12,-3950385.3744854396,6038794.842558488,36199.04975293524
0-zero-0_0:0:0,-1.1124230099306688E14,1.7007488160519088E14,1.0195701160175647E12,-3950385.374332324,6038794.842324395,36199.04975153189
0-zero-0_0:0:0,-1.1158361428940919E14,1.705966334795677E14,1.022697713916097E12,-3950385.3741801465,6038794.842091735,36199.049750137136
0-zero-0_0:0:0,-1.1192492758573836E14,1.711183853539244E14,1.0258253118145089E12,-3950385.3740288983,6038794.841860496,36199.0497487509
0-zero-0_0:0:0,-1.1226624088205445E14,1.7164013722826116E14,1.028952909712801E12,-3950385.373878571,6038794.841630666,36199.0497473731
0-zero-0_0:0:0,-1.1260755417835756E14,1.7216188910257803E14,1.0320805076109741E12,-3950385.3737291563,6038794.84140223,36199.04974600367
0-zero-0_0:0:0,-1.1294886747464777E14,1.726836409768752E14,1.0352081055090288E12,-3950385.373580646,6038794.841175177,36199.04974464253
0-zero-0_0:0:0,-1.1329018077092514E14,1.7320539285115272E14,1.038335703406966E12,-3950385.373433031,6038794.840949494,36199.0497432896
0-zero-0_0:0:0,-1.1363149406718975E14,1.7372714472541075E14,1.0414633013047861E12,-3950385.3732863045,6038794.8407251695,36199.049741944815
0-zero-0_0:0:0,-1.1397280736344169E14,1.742488965996494E14,1.0445908992024901E12,-3950385.373140458,6038794.84050219,36199.04974060809
0-zero-0_0:0:0,-1.1431412065968102E14,1.7477064847386878E14,1.0477184971000786E12,-3950385.3729954837,6038794.840280544,36199.04973927936
0-zero-0_0:0:0,-1.1465543395590783E14,1.7529240034806903E14,1.0508460949975524E12,-3950385.3728513736,6038794.840060219,36199.04973795856
0-zero-0_0:0:0,-1.1499674725212219E14,1.7581415222225022E14,1.053973692894912E12,-3950385.37270812,6038794.839841205,36199.049736645604
0-zero-0_0:0:0,-1.1533806054832417E14,1.763359040964125E14,1.0571012907921582E12,-3950385.3725657156,6038794.839623488,36199.04973534043
0-zero-0_0:0:0,-1.1567937384451384E14,1.7685765597055597E14,1.0602288886892916E12,-3950385.3724241527,6038794.8394070575,36199.04973404297
0-zero-0_0:0:0,-1.160206871406913E14,1.7737940784468075E14,1.063356486586313E12,-3950385.372283424,6038794.839191902,36199.049732753156
0-zero-0_0:0:0,-1.1636200043685658E14,1.7790115971878694E14,1.0664840844832229E12,-3950385.3721435214,6038794.838978011,36199.04973147092
0-zero-0_0:0:0,-1.1670331373300978E14,1.7842291159287462E14,1.069611682380022E12,-3950385.3720044387,6038794.8387653725,36199.049730196195
0-zero-0_0:0:0,-1.1704462702915097E14,1.7894466346694397E14,1.0727392802767109E12,-3950385.371866168,6038794.838553976,36199.04972892891
0-zero-0_0:0:0,-1.173859403252802E14,1.7946641534099503E14,1.0758668781732904E12,-3950385.3717287024,6038794.838343811,36199.04972766901
0-zero-0_0:0:0,-1.1772725362139756E14,1.7998816721502794E14,1.078994476069761E12,-3950385.371592035,6038794.838134866,36199.04972641642
0-zero-0_0:0:0,-1.1806856691750311E14,1.8050991908904278E14,1.0821220739661234E12,-3950385.371456159,6038794.837927131,36199.04972517109
0-zero-0_0:0:0,-1.1840988021359692E14,1.810316709630397E14,1.0852496718623782E12,-3950385.3713210667,6038794.837720594,36199.04972393295
0-zero-0_0:0:0,-1.1875119350967906E14,1.8155342283701875E14,1.088377269758526E12,-3950385.3711867523,6038794.837515247,36199.04972270193
0-zero-0_0:0:0,-1.190925068057496E14,1.8207517471098006E14,1.0915048676545675E12,-3950385.371053209,6038794.837311079,36199.049721477975
0-zero-0_0:0:0,-1.194338201018086E14,1.8259692658492375E14,1.0946324655505032E12,-3950385.37092043,6038794.837108078,36199.04972026103
0-zero-0_0:0:0,-1.1977513339785612E14,1.8311867845884988E14,1.0977600634463337E12,-3950385.3707884084,6038794.836906237,36199.04971905103
0-zero-0_0:0:0,-1.2011644669389225E14,1.8364043033275856E14,1.1008876613420598E12,-3950385.370657138,6038794.836705543,36199.04971784791
0-zero-0_0:0:0,-1.2045775998991703E14,1.841621822066499E14,1.104015259237682E12,-3950385.3705266127,6038794.836505989,36199.04971665163
0-zero-0_0:0:0,-1.2079907328593053E14,1.8468393408052403E14,1.1071428571332007E12,-3950385.370396826,6038794.836307564,36199.04971546211
0-zero-0_0:0:0,-1.2114038658193281E14,1.85205685954381E14,1.1102704550286167E12,-3950385.370267771,6038794.8361102585,36199.0497142793
0-zero-0_0:0:0,-1.2148169987792395E14,1.8572743782822094E14,1.1133980529239304E12,-3950385.370139443,6038794.835914063,36199.04971310315
0-zero-0_0:0:0,-1.21823013173904E14,1.862491897020439E14,1.1165256508191426E12,-3950385.3700118344,6038794.835718969,36199.0497119336
0-zero-0_0:0:0,-1.2216432646987302E14,1.8677094157585003E14,1.1196532487142537E12,-3950385.36988494,6038794.835524966,36199.049710770596
0-zero-0_0:0:0,-1.2250563976583108E14,1.8729269344963938E14,1.1227808466092642E12,-3950385.369758753,6038794.835332045,36199.049709614075
0-zero-0_0:0:0,-1.2284695306177823E14,1.8781444532341206E14,1.1259084445041748E12,-3950385.3696332686,6038794.8351401985,36199.049708463994
0-zero-0_0:0:0,-1.2318826635771455E14,1.883361971971682E14,1.129036042398986E12,-3950385.36950848,6038794.834949416,36199.04970732029
0-zero-0_0:0:0,-1.2352957965364008E14,1.888579490709078E14,1.1321636402936985E12,-3950385.3693843824,6038794.834759689,36199.04970618292
0-zero-0_0:0:0,-1.2387089294955489E14,1.8937970094463106E14,1.1352912381883127E12,-3950385.369260969,6038794.8345710095,36199.049705051824
0-zero-0_0:0:0,-1.2421220624545903E14,1.89901452818338E14,1.138418836082829E12,-3950385.369138235,6038794.834383368,36199.049703926954
0-zero-0_0:0:0,-1.2455351954135258E14,1.9042320469202872E14,1.1415464339772483E12,-3950385.3690161747,6038794.834196756,36199.049702808254
