Name=saturn
Mass=5.6834E26
Radius=6.0268E7
Image_Path=/src/main/java/misc/saturnScaled.png
Icon_Path=/src/main/java/misc/saturnIcon.png
Start_Time=2021-04-01T00:00
End_Time=2021-04-01T00:00
No_of_Steps=367
$SOE
2021-04-01T00:00,6.328646641500651E11,-1.358172804527507E12,-1.57852013793081E9,8220.84218655489,4052.137378979608,-397.6224719266916
2021-04-01T00:00,6.335749449149834E11,-1.3578226998579631E12,-1.6128747195052762E9,8218.8583402702,4057.2028979855836,-397.8561385705208
2021-04-01T00:00,6.342850542755828E11,-1.3574721575275771E12,-1.6472494898777692E9,8216.682417482434,4062.233191707751,-398.05318438158884
2021-04-01T00:00,6.349949756364532E11,-1.3571211805798137E12,-1.6816412850083385E9,8214.369559966812,4067.1863394442134,-398.19749047907186
2021-04-01T00:00,6.357046971664343E11,-1.3567697756800857E12,-1.7160455481857302E9,8211.986074955277,4072.036994965779,-398.2825929983833
2021-04-01T00:00,6.364142127633104E11,-1.3564179516837207E12,-1.7504571642207906E9,8209.59114463196,4076.792329946288,-398.3180805910794
2021-04-01T00:00,6.371235214382067E11,-1.3560657168264133E12,-1.7848718463838599E9,8207.21813864342,4081.4781840699843,-398.3205950326634
2021-04-01T00:00,6.378326250853855E11,-1.3557130771113096E12,-1.819286745794682E9,8204.877324337385,4086.1207216103053,-398.304645661994
2021-04-01T00:00,6.385415264862083E11,-1.3553600362809624E12,-1.8537002671798782E9,8202.566942790658,4090.738778110614,-398.2797669632421
2021-04-01T00:00,6.392502282700653E11,-1.3550065964505337E12,-1.8881116390455024E9,8200.281289121896,4095.3439418603134,-398.2513649331397
2021-04-01T00:00,6.399587325734454E11,-1.354652758733957E12,-1.9225205569757257E9,8198.014421670548,4099.942800692682,-398.222244457222
2021-04-01T00:00,6.406670410194778E11,-1.3542985236759773E12,-1.9569269588968296E9,8195.761358900254,4104.53893534126,-398.19375595685756
2021-04-01T00:00,6.413751548008867E11,-1.3539438915119639E12,-1.9913308994115021E9,8193.518242106547,4109.134222577113,-398.1664833032511
2021-04-01T00:00,6.420830747770048E11,-1.3535888623151333E12,-2.025732483568903E9,8191.28217214076,4113.729598640585,-398.14062108307775
2021-04-01T00:00,6.427908015566777E11,-1.3532334360778108E12,-2.060131833230481E9,8189.050990136679,4118.325487511092,-398.1161735266337
2021-04-01T00:00,6.434983355622256E11,-1.35287761275569E12,-2.094529070623182E9,8186.823085984973,4122.922037520141,-398.0930574065566
2021-04-01T00:00,6.442056770768547E11,-1.3525213922916482E12,-2.1289243107831085E9,8184.59725070518,4127.519251642083,-398.0711545014643
2021-04-01T00:00,6.449128262793157E11,-1.3521647746283064E12,-2.163317658532035E9,8182.372568065455,4132.117059259136,-398.0503377989016
2021-04-01T00:00,6.456197832691965E11,-1.3518077597143865E12,-2.1977092077178597E9,8180.148336489654,4136.715355638625,-398.03048407024954
2021-04-01T00:00,6.463265480854692E11,-1.3514503475076592E12,-2.232099041541529E9,8177.924013044397,4141.314023490851,-398.01147940693687
2021-04-01T00:00,6.470331207201963E11,-1.3510925379760295E12,-2.2664872333622885E9,8175.699173156467,4145.912944520987,-397.9932211648947
2021-04-01T00:00,6.47739501128757E11,-1.350734331097623E12,-2.300873847670935E9,8173.473481455039,4150.5120053727205,-397.97561812564294
2021-04-01T00:00,6.484456892375547E11,-1.350375726860359E12,-2.3352589410769906E9,8171.246670487333,4155.111100431274,-397.9585898223038
2021-04-01T00:00,6.491516849498848E11,-1.3500167252612817E12,-2.3696425632376375E9,8169.018525034825,4159.710132882346,-397.94206552413823
2021-04-01T00:00,6.498574881504478E11,-1.3496573263058008E12,-2.404024757698923E9,8166.7888704429215,4164.30901482222,-397.92598313153627
2021-04-01T00:00,6.50563098708854E11,-1.3492975300069202E12,-2.438405562641488E9,8164.557563851737,4168.907666873058,-397.9102881047521
2021-04-01T00:00,6.512685164823708E11,-1.3489373363845024E12,-2.4727850115337386E9,8162.324487543323,4173.506017561883,-397.8949324815207
2021-04-01T00:00,6.519737413180946E11,-1.3485767454645852E12,-2.507163133700142E9,8160.089543847539,4178.1040026088995,-397.87987400310277
2021-04-01T00:00,6.52678773054683E11,-1.3482157572787598E12,-2.54153995481401E9,8157.8526512065055,4182.701564205384,-397.86507535029256
2021-04-01T00:00,6.533836115237472E11,-1.3478543718636123E12,-2.5759154973242755E9,8155.613741108204,4187.298650323437,-397.85050348236985
2021-04-01T00:00,6.540882565509789E11,-1.3474925892602244E12,-2.6102897808251524E9,8153.372755677879,4191.895214077974,-397.836129068462
2021-04-01T00:00,6.547927079570695E11,-1.347130409513728E12,-2.6446628223766675E9,8151.129645771546,4196.491213148835,-397.82192599988156
2021-04-01T00:00,6.554969655584641E11,-1.3467678326729119E12,-2.679034636783057E9,8148.884369455912,4201.086609263958,-397.80787097240403
2021-04-01T00:00,6.562010291679851E11,-1.3464048587898713E12,-2.713405236835073E9,8146.636890787983,4205.681367740852,-397.7939431284337
2021-04-01T00:00,6.569048985953492E11,-1.3460414879196985E12,-2.7477746335213695E9,8144.387178828864,4210.27545708183,-397.78012375019034
2021-04-01T00:00,6.576085736476001E11,-1.3456777201202065E12,-2.782142836213386E9,8142.135206841836,4214.868848617749,-397.7663959962481
2021-04-01T00:00,6.583120541294712E11,-1.345313555451686E12,-2.8165098528274617E9,8139.880951636444,4219.461516194946,-397.7527446748701
2021-04-01T00:00,6.590153398436926E11,-1.3449489939766868E12,-2.8508756899673705E9,8137.624393028999,4224.053435900274,-397.73915604857643
2021-04-01T00:00,6.597184305912504E11,-1.344584035759825E12,-2.8852403530499673E9,8135.365513396497,4228.644585819578,-397.72561766524495
2021-04-01T00:00,6.604213261716078E11,-1.34421868086761E12,-2.9196038464162445E9,8133.10429730589,4233.234945825406,-397.71211821178275
2021-04-01T00:00,6.61124026382895E11,-1.3438529293682908E12,-2.9539661734297423E9,8130.840731204536,4237.824497390214,-397.6986473870322
2021-04-01T00:00,6.61826531022071E11,-1.3434867813317163E12,-2.988327336563982E9,8128.574803160526,4242.413223421811,-397.68519579110074
2021-04-01T00:00,6.625288398850641E11,-1.3431202368292126E12,-3.0226873374803333E9,8126.306502643928,4247.001108118163,-397.67175482874535
2021-04-01T00:00,6.632309527668926E11,-1.3427532959334712E12,-3.057046177097537E9,8124.03582034172,4251.588136839075,-397.6583166248133
2021-04-01T00:00,6.639328694617701E11,-1.3423859587184482E12,-3.091403855653921E9,8121.76274800062,4256.174295992609,-397.64487395004903
2021-04-01T00:00,6.646345897631974E11,-1.3420182252592744E12,-3.1257603727632055E9,8119.487278293101,4260.759572934347,-397.63142015583486
2021-04-01T00:00,6.653361134640419E11,-1.3416500956321729E12,-3.1601157274646697E9,8117.209404702751,4265.343955877897,-397.61794911665265
2021-04-01T00:00,6.660374403566082E11,-1.341281569914385E12,-3.1944699182683487E9,8114.929121425869,4269.9274338152445,-397.6044551792316
2021-04-01T00:00,6.667385702326993E11,-1.3409126481841033E12,-3.228822943195834E9,8112.646423286692,4274.50999644572,-397.5909331175022
2021-04-01T00:00,6.674395028836713E11,-1.3405433305204104E12,-3.2631747998171864E9,8110.361305664159,4279.0916341125585,-397.5773780926035
2021-04-01T00:00,6.681402381004806E11,-1.3401736170032231E12,-3.297525485284387E9,8108.073764428439,4283.672337746115,-397.56378561729946
2021-04-01T00:00,6.688407756737272E11,-1.339803507713242E12,-3.331874996361722E9,8105.7837958857635,4288.252098812962,-397.55015152425005
2021-04-01T00:00,6.695411153936917E11,-1.3394330027319045E12,-3.3662233294534173E9,8103.491396730343,4292.830909270172,-397.536471937662
2021-04-01T00:00,6.702412570503691E11,-1.3390621021413435E12,-3.4005704806288314E9,8101.19656400235,4297.408761524189,-397.52274324790733
2021-04-01T00:00,6.709412004334989E11,-1.338690806024348E12,-3.4349164456454506E9,8098.899295051107,4301.985648393761,-397.5089620887555
2021-04-01T00:00,6.716409453325913E11,-1.3383191144643267E12,-3.469261219969919E9,8096.599587502755,4306.561563076484,-397.49512531691045
2021-04-01T00:00,6.723404915369515E11,-1.3379470275452769E12,-3.5036047987973003E9,8094.297439231784,4311.136499118551,-397.4812299935862
2021-04-01T00:00,6.730398388357012E11,-1.337574545351753E12,-3.537947177068746E9,8091.992848335922,4315.710450387356,-397.4672733678874
2021-04-01T00:00,6.737389870177974E11,-1.3372016679688394E12,-3.5722883494877315E9,8089.685813113921,4320.283411046649,-397.45325286179263
2021-04-01T00:00,6.744379358720504E11,-1.336828395482125E12,-3.6066283105349903E9,8087.376332045875,4324.855375533965,-397.439166056563
2021-04-01T00:00,6.751366851871392E11,-1.336454727977679E12,-3.6409670544822774E9,8085.064403775741,4329.426338540092,-397.4250106804202
2021-04-01T00:00,6.758352347516254E11,-1.336080665542029E12,-3.6753045754050655E9,8082.750027095786,4333.996294990364,-397.4107845973582
2021-04-01T00:00,6.765335843539664E11,-1.3357062082621418E12,-3.7096408671942773E9,8080.433200932723,4338.5652400275985,-397.3964857969682
2021-04-01T00:00,6.77231733782527E11,-1.3353313562254036E12,-3.7439759235671353E9,8078.113924335329,4343.1331689965045,-397.3821123851715
2021-04-01T00:00,6.779296828255896E11,-1.3349561095196023E12,-3.7783097380772142E9,8075.79219646337,4347.70007742942,-397.36766257576704
2021-04-01T00:00,6.78627431271364E11,-1.3345804682329124E12,-3.8126423041237607E9,8073.468016577667,4352.26596103325,-397.3531346827105
2021-04-01T00:00,6.793249789079963E11,-1.3342044324538792E12,-3.8469736149603467E9,8071.141384031189,4356.830815677486,-397.3385271130529
2021-04-01T00:00,6.800223255235767E11,-1.3338280022714045E12,-3.881303663702914E9,8068.812298261033,4361.394637383199,-397.3238383604728
2021-04-01T00:00,6.807194709061464E11,-1.3334511777747346E12,-3.9156324433372593E9,8066.480758781212,4365.95742231293,-397.30906699934496
2021-04-01T00:00,6.814164148437051E11,-1.3330739590534468E12,-3.9499599467260027E9,8064.1467651761395,4370.519166761377,-397.2942116792943
2021-04-01T00:00,6.821131571242163E11,-1.3326963461974385E12,-3.9842861666150937E9,8061.810317094754,4375.079867146812,-397.2792711201885
2021-04-01T00:00,6.828096975356133E11,-1.332318339296917E12,-4.018611095639878E9,8059.4714142452,4379.639520003167,-397.2642441075296
2021-04-01T00:00,6.835060358658041E11,-1.3319399384423887E12,-4.0529347263307686E9,8057.130056390007,4384.19812197272,-397.2491294882062
2021-04-01T00:00,6.842021719026761E11,-1.3315611437246501E12,-4.08725705111855E9,8054.786243341722,4388.755669799343,-397.23392616657577
2021-04-01T00:00,6.848981054341008E11,-1.3311819552347795E12,-4.121578062339342E9,8052.439974958942,4393.312160322235,-397.21863310084495
2021-04-01T00:00,6.855938362479373E11,-1.3308023730641277E12,-4.155897752239255E9,8050.091251142703,4397.867590470134,-397.2032492997238
2021-04-01T00:00,6.86289364132036E11,-1.330422397304311E12,-4.190216112978751E9,8047.7400718331955,4402.421957255935,-397.1877738193285
2021-04-01T00:00,6.869846888742424E11,-1.330042028047204E12,-4.224533136636741E9,8045.3864370067695,4406.975257771705,-397.172205760312
2021-04-01T00:00,6.876798102623998E11,-1.3296612653849326E12,-4.2588488152144322E9,8043.030346673201,4411.527489184046,-397.15654426520246
2021-04-01T00:00,6.883747280843523E11,-1.3292801094098672E12,-4.2931631406389456E9,8040.671800873196,4416.07864872978,-397.14078851593274
2021-04-01T00:00,6.890694421279478E11,-1.328898560214617E12,-4.327476104766722E9,8038.310799676104,4420.628733711937,-397.12493773154466
2021-04-01T00:00,6.897639521810398E11,-1.3285166178920242E12,-4.361787699386727E9,8035.94734317783,4425.177741496015,-397.10899116605356
2021-04-01T00:00,6.904582580314904E11,-1.328134282535159E12,-4.3960979162234745E9,8033.581431498914,4429.725669506496,-397.09294810646065
2021-04-01T00:00,6.911523594671719E11,-1.3277515542373135E12,-4.430406746939873E9,8031.213064782777,4434.272515223587,-397.0768078709008
2021-04-01T00:00,6.918462562759691E11,-1.327368433091998E12,-4.464714183139918E9,8028.842243194102,4438.818276180184,-397.06056980691517
2021-04-01T00:00,6.925399482457811E11,-1.326984919192936E12,-4.499020216371236E9,8026.4689669173495,4443.362949959026,-397.0442332898393
2021-04-01T00:00,6.932334351645228E11,-1.3266010126340596E12,-4.533324838127478E9,8024.093236155394,4447.906534190046,-397.02779772129713
2021-04-01T00:00,6.939267168201267E11,-1.3262167135095056E12,-4.567628039850597E9,8021.715051128265,4452.4490265478735,-397.0112625277931
2021-04-01T00:00,6.946197930005442E11,-1.3258320219136118E12,-4.601929812932999E9,8019.334412071985,4456.990424749507,-396.9946271593952
2021-04-01T00:00,6.953126634937472E11,-1.3254469379409136E12,-4.63623014871957E9,8016.951319237502,4461.53072655213,-396.9778910885014
2021-04-01T00:00,6.960053280877294E11,-1.3250614616861394E12,-4.670529038509617E9,8014.565772889699,4466.069929751056,-396.9610538086845
2021-04-01T00:00,6.966977865705071E11,-1.324675593244209E12,-4.704826473558687E9,8012.177773306483,4470.608032177808,-396.944114833608
2021-04-01T00:00,6.973900387301207E11,-1.3242893327102288E12,-4.739122445080311E9,8009.787320777941,4475.145031698303,-396.92707369600976
2021-04-01T00:00,6.98082084354636E11,-1.32390268017949E12,-4.773416944247646E9,8007.394415605557,4479.680926211156,-396.9099299467466
2021-04-01T00:00,6.987739232321443E11,-1.3235156357474653E12,-4.807709962195045E9,8004.999058101485,4484.215713646077,-396.8926831538975
2021-04-01T00:00,6.994655551507643E11,-1.3231281995098064E12,-4.842001490019543E9,8002.6012485878855,4488.749391962368,-396.87533290191953
2021-04-01T00:00,7.001569798986423E11,-1.3227403715623408E12,-4.876291518782269E9,8000.200987396294,4493.281959147496,-396.857878790854
2021-04-01T00:00,7.008481972639534E11,-1.3223521520010706E12,-4.910580039509798E9,7997.798274867051,4497.8134132157675,-396.840320435579
2021-04-01T00:00,7.015392070349019E11,-1.3219635409221687E12,-4.944867043195432E9,7995.393111348758,4502.3437522070535,-396.82265746510507
2021-04-01T00:00,7.022300089997224E11,-1.321574538421978E12,-4.979152520800417E9,7992.985497197783,4506.872974185609,-396.8048895219113
2021-04-01T00:00,7.029206029466803E11,-1.3211851445970083E12,-5.01343646325511E9,7990.575432777795,4511.401077238943,-396.7870162613191
2021-04-01T00:00,7.036109886640723E11,-1.3207953595439348E12,-5.047718861460088E9,7988.162918459331,4515.928059476759,-396.7690373509006
2021-04-01T00:00,7.043011659402272E11,-1.320405183359596E12,-5.081999706287206E9,7985.747954619394,4520.453919029949,-396.7509524699209
2021-04-01T00:00,7.049911345635063E11,-1.3200146161409917E12,-5.116278988580606E9,7983.330541641077,4524.978654049646,-396.7327613088102
2021-04-01T00:00,7.056808943223041E11,-1.3196236579852817E12,-5.150556699157688E9,7980.910679913214,4529.502262706323,-396.71446356866505
2021-04-01T00:00,7.063704450050486E11,-1.319232308989784E12,-5.18483282881002E9,7978.488369830055,4534.024743188941,-396.6960589607763
2021-04-01T00:00,7.070597864002019E11,-1.3188405692519724E12,-5.219107368304232E9,7976.063611790956,4538.546093704147,-396.6775472061827
2021-04-01T00:00,7.077489182962606E11,-1.3184484388694763E12,-5.253380308382846E9,7973.636406200103,4543.0663124755065,-396.6589280352475
2021-04-01T00:00,7.084378404817563E11,-1.3180559179400784E12,-5.287651639765091E9,7971.2067534662365,4547.585397742778,-396.6402011872582
2021-04-01T00:00,7.091265527452559E11,-1.3176630065617134E12,-5.32192135314767E9,7968.774654002409,4552.103347761228,-396.62136641004594
2021-04-01T00:00,7.098150548753617E11,-1.3172697048324668E12,-5.356189439205498E9,7966.34010822575,4556.620160800977,-396.6024234596256
2021-04-01T00:00,7.105033466607124E11,-1.3168760128505735E12,-5.390455888592409E9,7963.903116557247,4561.13583514638,-396.5833720998534
2021-04-01T00:00,7.111914278899829E11,-1.3164819307144167E12,-5.424720691941836E9,7961.463679421545,4565.650369095436,-396.5642121021027
2021-04-01T00:00,7.118792983518849E11,-1.3160874585225269E12,-5.458983839867458E9,7959.021797246751,4570.163760959231,-396.544943244955
2021-04-01T00:00,7.12566957835167E11,-1.31569259637358E12,-5.493245322963822E9,7956.577470464258,4574.6760090614025,-396.52556531390724
2021-04-01T00:00,7.132544061286151E11,-1.3152973443663972E12,-5.527505131806944E9,7954.130699508576,4579.187111737636,-396.50607810109295
2021-04-01T00:00,7.139416430210526E11,-1.314901702599943E12,-5.561763256954878E9,7951.681484817172,4583.697067335181,-396.4864814050174
2021-04-01T00:00,7.146286683013408E11,-1.3145056711733254E12,-5.596019688948272E9,7949.229826830325,4588.20587421239,-396.4667750303051
2021-04-01T00:00,7.153154817583789E11,-1.3141092501857935E12,-5.63027441831089E9,7946.775725990985,4592.713530738286,-396.44695878745983
2021-04-01T00:00,7.160020831811045E11,-1.3137124397367375E12,-5.664527435550127E9,7944.319182744644,4597.220035292142,-396.427032492636
2021-04-01T00:00,7.166884723584937E11,-1.3133152399256882E12,-5.698778731157491E9,7941.860197539214,4601.725386263084,-396.4069959674207
2021-04-01T00:00,7.17374649079561E11,-1.3129176508523152E12,-5.733028295609076E9,7939.398770824905,4606.229582049713,-396.38684903862594
2021-04-01T00:00,7.180606131333604E11,-1.312519672616426E12,-5.767276119366013E9,7936.934903054125,4610.732621059741,-396.3665915380907
2021-04-01T00:00,7.187463643089843E11,-1.3121213053179666E12,-5.801522192874904E9,7934.468594681373,4615.2345017096495,-396.3462233024918
2021-04-01T00:00,7.194319023955647E11,-1.3117225490570188E12,-5.835766506568239E9,7931.999846163145,4619.735222424355,-396.32574417316386
2021-04-01T00:00,7.201172271822732E11,-1.3113234039338013E12,-5.8700090508648E9,7929.52865795784,4624.234781636899,-396.3051539959268
2021-04-01T00:00,7.208023384583208E11,-1.3109238700486677E12,-5.904249816170049E9,7927.055030525677,4628.733177788143,-396.2844526209216
2021-04-01T00:00,7.214872360129583E11,-1.310523947502107E12,-5.938488792876496E9,7924.578964328616,4633.230409326482,-396.2636399024533
2021-04-01T00:00,7.221719196354762E11,-1.3101236363947412E12,-5.972725971364068E9,7922.100459830281,4637.72647470757,-396.2427156988405
2021-04-01T00:00,7.228563891152056E11,-1.3097229368273264E12,-6.006961342000448E9,7919.619517495885,4642.221372394054,-396.2216798722723
2021-04-01T00:00,7.235406442415172E11,-1.3093218489007515E12,-6.041194895141413E9,7917.1361377921685,4646.715100855327,-396.2005322886704
2021-04-01T00:00,7.242246848038225E11,-1.3089203727160376E12,-6.075426621131154E9,7914.650321187331,4651.207658567283,-396.17927281755806
2021-04-01T00:00,7.249085105915731E11,-1.3085185083743374E12,-6.109656510302591E9,7912.162068150975,4655.6990440120835,-396.15790133193434
2021-04-01T00:00,7.255921213942614E11,-1.3081162559769348E12,-6.143884552977671E9,7909.671379154043,4660.189255677943,-396.13641770815354
2021-04-01T00:00,7.262755170014203E11,-1.3077136156252441E12,-6.178110739467655E9,7907.178254668773,4664.67829205891,-396.1148218258099
2021-04-01T00:00,7.269586972026237E11,-1.3073105874208103E12,-6.212335060073405E9,7904.682695168638,4669.166151654669,-396.0931135676271
2021-04-01T00:00,7.276416617874862E11,-1.3069071714653074E12,-6.246557505085649E9,7902.184701128306,4673.652832970342,-396.0712928193524
2021-04-01T00:00,7.283244105456637E11,-1.3065033678605388E12,-6.28077806478524E9,7899.684273023589,4678.138334516303,-396.049359469655
2021-04-01T00:00,7.290069432668529E11,-1.3060991767084365E12,-6.3149967294434185E9,7897.181411331405,4682.622654807997,-396.02731341002874
2021-04-01T00:00,7.29689259740792E11,-1.305694598111061E12,-6.349213489322045E9,7894.676116529732,4687.105792365769,-396.00515453469865
2021-04-01T00:00,7.303713597572601E11,-1.3052896321706006E12,-6.383428334673843E9,7892.1683890975755,4691.587745714699,-395.9828827405313
2021-04-01T00:00,7.310532431060781E11,-1.3048842789893708E12,-6.417641255742625E9,7889.658229514928,4696.068513384441,-395.9604979269487
2021-04-01T00:00,7.317349095771082E11,-1.3044785386698145E12,-6.451852242763514E9,7887.145638262736,4700.548093909073,-395.93799999584564
2021-04-01T00:00,7.32416358960254E11,-1.3040724113145007E12,-6.486061285963155E9,7884.630615822866,4705.026485826949,-395.9153888515105
2021-04-01T00:00,7.330975910454612E11,-1.3036658970261252E12,-6.520268375559925E9,7882.113162678077,4709.503687680557,-395.89266440054877
2021-04-01T00:00,7.337786056227166E11,-1.3032589959075098E12,-6.5544735017641325E9,7879.593279311987,4713.979698016386,-395.8698265518098
2021-04-01T00:00,7.344594024820491E11,-1.302851708061601E12,-6.588676654778209E9,7877.070966209049,4718.454515384791,-395.8468752163165
2021-04-01T00:00,7.351399814135295E11,-1.302444033591472E12,-6.622877824796899E9,7874.546223854522,4722.928138339875,-395.8238103071974
2021-04-01T00:00,7.358203422072706E11,-1.3020359726003193E12,-6.657077002007441E9,7872.0190527344475,4727.4005654393595,-395.8006317396216
2021-04-01T00:00,7.365004846534269E11,-1.3016275251914653E12,-6.691274176589744E9,7869.489453335624,4731.871795244476,-395.77733943073616
2021-04-01T00:00,7.371804085421951E11,-1.3012186914683562E12,-6.725469338716559E9,7866.9574261455855,4736.341826319849,-395.75393329960554
2021-04-01T00:00,7.378601136638141E11,-1.3008094715345623E12,-6.759662478553645E9,7864.4229716525815,4740.810657233392,-395.7304132671536
2021-04-01T00:00,7.385395998085648E11,-1.3003998654937773E12,-6.793853586259927E9,7861.886090345554,4745.278286556199,-395.7067792561079
2021-04-01T00:00,7.392188667667706E11,-1.2999898734498188E12,-6.828042651987655E9,7859.346782714121,4749.744712862452,-395.6830311909455
2021-04-01T00:00,7.398979143287971E11,-1.2995794955066274E12,-6.862229665882552E9,7856.805049248555,4754.209934729316,-395.6591689978412
2021-04-01T00:00,7.405767422850522E11,-1.2991687317682668E12,-6.896414618083965E9,7854.260890439768,4758.673950736853,-395.6351926046178
2021-04-01T00:00,7.412553504259862E11,-1.298757582338923E12,-6.930597498725004E9,7851.714306779295,4763.136759467929,-395.61110194069755
2021-04-01T00:00,7.419337385420919E11,-1.298346047322905E12,-6.96477829793268E9,7849.165298759274,4767.598359508127,-395.58689693705577
2021-04-01T00:00,7.426119064239047E11,-1.2979341268246436E12,-6.998957005828042E9,7846.613866872438,4772.058749445669,-395.56257752617626
2021-04-01T00:00,7.432898538620024E11,-1.2975218209486914E12,-7.033133612526303E9,7844.060011612094,4776.5179278713285,-395.5381436420079
2021-04-01T00:00,7.439675806470057E11,-1.2971091297997234E12,-7.067308108136972E9,7841.503733472115,4780.975893378359,-395.51359521992305
2021-04-01T00:00,7.446450865695778E11,-1.2966960534825354E12,-7.101480482763974E9,7838.94503294692,4785.432644562414,-395.48893219667724
2021-04-01T00:00,7.453223714204243E11,-1.2962825921020452E12,-7.135650726505767E9,7836.383910531469,4789.88818002148,-395.46415451037046
2021-04-01T00:00,7.459994349902942E11,-1.2958687457632913E12,-7.169818829455462E9,7833.820366721247,4794.342498355804,-395.43926210040956
2021-04-01T00:00,7.466762770699789E11,-1.2954545145714333E12,-7.203984781700938E9,7831.254402012254,4798.795598167826,-395.4142549074722
2021-04-01T00:00,7.473528974503127E11,-1.2950398986317517E12,-7.238148573324944E9,7828.686016900992,4803.247478062113,-395.38913287347174
2021-04-01T00:00,7.48029295922173E11,-1.2946248980496472E12,-7.272310194405211E9,7826.115211884459,4807.6981366453,-395.36389594152365
2021-04-01T00:00,7.487054722764797E11,-1.294209512930641E12,-7.306469635014559E9,7823.541987460135,4812.147572526026,-395.33854405591273
2021-04-01T00:00,7.493814263041963E11,-1.2937937433803748E12,-7.340626885220989E9,7820.9663441259745,4816.595784314876,-395.31307716206163
2021-04-01T00:00,7.500571577963287E11,-1.2933775895046099E12,-7.374781935087791E9,7818.388282380399,4821.042770624326,-395.28749520650035
2021-04-01T00:00,7.507326665439264E11,-1.292961051409228E12,-7.408934774673633E9,7815.807802722285,4825.488530068686,-395.26179813683683
2021-04-01T00:00,7.514079523380815E11,-1.29254412920023E12,-7.443085394032656E9,7813.224905650957,4829.933061264046,-395.23598590172844
2021-04-01T00:00,7.520830149699298E11,-1.2921268229837368E12,-7.477233783214565E9,7810.639591666183,4834.3763628282295,-395.2100584508544
2021-04-01T00:00,7.527578542306498E11,-1.2917091328659885E12,-7.511379932264719E9,7808.051861268163,4838.81843338074,-395.184015734889
2021-04-01T00:00,7.534324699114634E11,-1.2912910589533445E12,-7.545523831224214E9,7805.4617149575215,4843.2592715427145,-395.15785770547603
2021-04-01T00:00,7.541068618036357E11,-1.2908726013522832E12,-7.579665470129967E9,7802.869153235305,4847.698875936876,-395.13158431520367
2021-04-01T00:00,7.547810296984752E11,-1.2904537601694023E12,-7.6138048390148E9,7800.274176602971,4852.1372451874895,-395.1051955175803
2021-04-01T00:00,7.554549733873337E11,-1.2900345355114182E12,-7.647941927907519E9,7797.676785562384,4856.574377920319,-395.0786912670111
2021-04-01T00:00,7.561286926616063E11,-1.289614927485166E12,-7.682076726832989E9,7795.076980615808,4861.010272762586,-395.0520715187755
2021-04-01T00:00,7.568021873127316E11,-1.2891949361975994E12,-7.716209225812211E9,7792.4747622659015,4865.444928342926,-395.0253362290052
2021-04-01T00:00,7.574754571321913E11,-1.2887745617557905E12,-7.750339414862397E9,7789.870131015712,4869.878343291351,-394.99848535466265
2021-04-01T00:00,7.58148501911511E11,-1.2883538042669302E12,-7.78446728399704E9,7787.263087368672,4874.310516239212,-394.9715188535209
2021-04-01T00:00,7.588213214422596E11,-1.2879326638383271E12,-7.818592823225984E9,7784.65363182859,4878.741445819162,-394.9444366841432
2021-04-01T00:00,7.594939155160497E11,-1.2875111405774084E12,-7.852716022555493E9,7782.041764899649,4883.17113066512,-394.91723880586414
2021-04-01T00:00,7.60166283924537E11,-1.287089234591719E12,-7.88683687198832E9,7779.427487086402,4887.599569412232,-394.88992517877034
2021-04-01T00:00,7.608384264594213E11,-1.2866669459889219E12,-7.9209553615237665E9,7776.810798893764,4892.026760696847,-394.86249576368266
2021-04-01T00:00,7.615103429124457E11,-1.2862442748767976E12,-7.955071481157749E9,7774.19170082701,4896.452703156476,-394.83495052213846
2021-04-01T00:00,7.621820330753971E11,-1.2858212213632449E12,-7.989185220882862E9,7771.570193391773,4900.877395429763,-394.8072894163745
2021-04-01T00:00,7.628534967401062E11,-1.2853977855562798E12,-8.0232965706884365E9,7768.946277094033,4905.300836156457,-394.77951240931026
2021-04-01T00:00,7.635247336984471E11,-1.284973967564036E12,-8.057405520560601E9,7766.319952440121,4909.72302397738,-394.751619464532
2021-04-01T00:00,7.64195743742338E11,-1.2845497674947642E12,-8.091512060482337E9,7763.691219936711,4914.1439575343975,-394.7236105462771
2021-04-01T00:00,7.648665266637406E11,-1.2841251854568333E12,-8.125616180433536E9,7761.060080090816,4918.563635470393,-394.6954856194188
2021-04-01T00:00,7.655370822546604E11,-1.2837002215587285E12,-8.159717870391053E9,7758.426533409786,4922.98205642924,-394.66724464945156
2021-04-01T00:00,7.66207410307147E11,-1.283274875909053E12,-8.193817120328766E9,7755.790580401305,4927.399219055778,-394.63888760247687
2021-04-01T00:00,7.668775106132937E11,-1.2828491486165266E12,-8.22791392021762E9,7753.152221573386,4931.815121995784,-394.6104144451893
2021-04-01T00:00,7.675473829652377E11,-1.282423039789986E12,-8.262008260025684E9,7750.511457434368,4936.229763895946,-394.5818251448629
2021-04-01T00:00,7.6821702715516E11,-1.2819965495383855E12,-8.296100129718201E9,7747.868288492914,4940.643143403849,-394.5531196693383
2021-04-01T00:00,7.688864429752858E11,-1.2815696779707954E12,-8.330189519257631E9,7745.222715258009,4945.055259167941,-394.52429798701
2021-04-01T00:00,7.69555630217884E11,-1.2811424251964033E12,-8.364276418603709E9,7742.574738238954,4949.466109837517,-394.495360066814
2021-04-01T00:00,7.702245886752678E11,-1.2807147913245134E12,-8.398360817713482E9,7739.924357945365,4953.875694062696,-394.4663058782156
2021-04-01T00:00,7.708933181397943E11,-1.2802867764645464E12,-8.43244270654136E9,7737.271574887172,4958.284010494399,-394.4371353911982
2021-04-01T00:00,7.715618184038646E11,-1.2798583807260396E12,-8.46652207503916E9,7734.616389574614,4962.691057784328,-394.40784857625147
2021-04-01T00:00,7.722300892599238E11,-1.279429604218647E12,-8.500598913156148E9,7731.958802518236,4967.0968345849515,-394.37844540436066
2021-04-01T00:00,7.728981305004614E11,-1.279000447052139E12,-8.534673210839085E9,7729.298814228887,4971.501339549477,-394.3489258469958
2021-04-01T00:00,7.735659419180107E11,-1.2785709093364019E12,-8.568744958032265E9,7726.636425217722,4975.90457133184,-394.31928987610127
2021-04-01T00:00,7.742335233051495E11,-1.2781409911814387E12,-8.60281414467756E9,7723.971635996193,4980.306528586681,-394.2895374640856
2021-04-01T00:00,7.749008744544996E11,-1.277710692697369E12,-8.636880760714458E9,7721.304447076051,4984.707209969332,-394.2596685838118
2021-04-01T00:00,7.75567995158727E11,-1.2772800139944275E12,-8.6709447960801E9,7718.634858969342,4989.106614135797,-394.22968320858763
2021-04-01T00:00,7.76234885210542E11,-1.276848955182966E12,-8.705006240709322E9,7715.9628721884055,4993.504739742734,-394.1995813121564
2021-04-01T00:00,7.769015444026991E11,-1.2764175163734524E12,-8.739065084534693E9,7713.288487245874,4997.901585447445,-394.1693628686877
2021-04-01T00:00,7.775679725279972E11,-1.2759856976764697E12,-8.773121317486547E9,7710.611704654669,5002.297149907853,-394.1390278527688
2021-04-01T00:00,7.782341693792793E11,-1.2755534992027178E12,-8.807174929493027E9,7707.932524927997,5006.691431782494,-394.1085762393959
2021-04-01T00:00,7.789001347494331E11,-1.2751209210630117E12,-8.84122591048011E9,7705.250948579354,5011.0844297304975,-394.0780080039659
2021-04-01T00:00,7.795658684313904E11,-1.274687963368283E12,-8.875274250371653E9,7702.566976122518,5015.476142411576,-394.0473231222681
2021-04-01T00:00,7.802313702181273E11,-1.2742546262295786E12,-8.909319939089417E9,7699.880608071549,5019.866568486009,-394.0165215704763
2021-04-01T00:00,7.808966399026647E11,-1.2738209097580615E12,-8.943362966553106E9,7697.1918449407885,5024.255706614629,-393.9856033251413
2021-04-01T00:00,7.815616772780675E11,-1.27338681406501E12,-8.977403322680399E9,7694.500687244856,5028.643555458813,-393.9545683631831
2021-04-01T00:00,7.822264821374454E11,-1.2729523392618184E12,-9.011440997386978E9,7691.807135498647,5033.0301136804665,-393.9234166618837
2021-04-01T00:00,7.828910542739525E11,-1.2725174854599963E12,-9.045475980586565E9,7689.111190217335,5037.41537994201,-393.89214819888
2021-04-01T00:00,7.835553934807872E11,-1.2720822527711694E12,-9.079508262190948E9,7686.412851916366,5041.799352906372,-393.8607629521568
2021-04-01T00:00,7.842194995511927E11,-1.2716466413070784E12,-9.113537832110014E9,7683.712121111458,5046.1820312369755,-393.8292609000399
2021-04-01T00:00,7.848833722784568E11,-1.2712106511795796E12,-9.147564680251778E9,7681.008998318601,5050.563413597725,-393.7976420211898
2021-04-01T00:00,7.855470114559115E11,-1.2707742825006448E12,-9.181588796522408E9,7678.303484054054,5054.943498653,-393.7659062945951
2021-04-01T00:00,7.862104168769337E11,-1.270337535382361E12,-9.21561017082626E9,7675.595578834344,5059.322285067639,-393.73405369956606
2021-04-01T00:00,7.86873588334945E11,-1.2699004099369312E12,-9.249628793065903E9,7672.885283176267,5063.699771506937,-393.7020842157289
2021-04-01T00:00,7.875365256234114E11,-1.2694629062766729E12,-9.283644653142141E9,7670.172597596881,5068.0759566366305,-393.66999782301946
2021-04-01T00:00,7.881992285358438E11,-1.2690250245140195E12,-9.31765774095405E9,7667.45752261351,5072.450839122888,-393.6377945016775
2021-04-01T00:00,7.888616968657976E11,-1.2685867647615193E12,-9.351668046398994E9,7664.740058743741,5076.824417632305,-393.6054742322412
2021-04-01T00:00,7.89523930406873E11,-1.268148127131836E12,-9.38567555937266E9,7662.020206505424,5081.19669083189,-393.5730369955414
2021-04-01T00:00,7.901859289527151E11,-1.267709111737748E12,-9.419680269769075E9,7659.297966416666,5085.5676573890605,-393.5404827726963
2021-04-01T00:00,7.908476922970134E11,-1.2672697186921497E12,-9.453682167480637E9,7656.573338995838,5089.937315971633,-393.50781154510634
2021-04-01T00:00,7.915092202335027E11,-1.2668299481080498E12,-9.487681242398134E9,7653.8463247615655,5094.305665247815,-393.4750232944489
2021-04-01T00:00,7.92170512555962E11,-1.2663898000985725E12,-9.521677484410774E9,7651.116924232733,5098.672703886197,-393.4421180026733
2021-04-01T00:00,7.928315690582157E11,-1.2659492747769568E12,-9.555670883406206E9,7648.3851379284815,5103.038430555745,-393.409095651996
2021-04-01T00:00,7.934923895341327E11,-1.265508372256557E12,-9.589661429270538E9,7645.650966368205,5107.4028439257945,-393.37595622489573
2021-04-01T00:00,7.94152973777627E11,-1.2650670926508418E12,-9.623649111888369E9,7642.914410071556,5111.765942666043,-393.34269970410907
2021-04-01T00:00,7.948133215826571E11,-1.2646254360733955E12,-9.657633921142803E9,7640.175469558435,5116.127725446542,-393.3093260726256
2021-04-01T00:00,7.954734327432269E11,-1.264183402637917E12,-9.691615846915478E9,7637.434145348999,5120.488190937694,-393.2758353136836
2021-04-01T00:00,7.961333070533851E11,-1.26374099245822E12,-9.72559487908658E9,7634.690437963654,5124.84733781024,-393.2422274107659
2021-04-01T00:00,7.967929443072252E11,-1.2632982056482332E12,-9.75957100753487E9,7631.944347923059,5129.20516473526,-393.20850234759536
2021-04-01T00:00,7.974523442988857E11,-1.262855042322E12,-9.793544222137703E9,7629.195875748119,5133.561670384164,-393.1746601081309
2021-04-01T00:00,7.981115068225504E11,-1.2624115025936787E12,-9.827514512771046E9,7626.445021959991,5137.916853428687,-393.14070067656354
2021-04-01T00:00,7.987704316724478E11,-1.2619675865775425E12,-9.861481869309502E9,7623.691787080081,5142.2707125408815,-393.10662403731226
2021-04-01T00:00,7.994291186428514E11,-1.261523294387979E12,-9.895446281626326E9,7620.936171630038,5146.623246393115,-393.07243017502026
2021-04-01T00:00,8.000875675280803E11,-1.2610786261394907E12,-9.929407739593447E9,7618.178176131763,5150.974453658063,-393.0381190745513
2021-04-01T00:00,8.00745778122498E11,-1.2606335819466946E12,-9.963366233081488E9,7615.4178011074,5155.324333008706,-393.0036907209858
2021-04-01T00:00,8.014037502205137E11,-1.2601881619243225E12,-9.997321751959782E9,7612.65504707934,5159.672883118323,-392.9691450996175
2021-04-01T00:00,8.020614836165813E11,-1.2597423661872212E12,-1.0031274286096388E10,7609.889914570217,5164.020102660486,-392.9344821959498
2021-04-01T00:00,8.027189781052002E11,-1.2592961948503513E12,-1.0065223825358118E10,7607.122404102913,5168.365990309059,-392.89970199569234
2021-04-01T00:00,8.033762334809147E11,-1.2588496480287886E12,-1.0099170359610546E10,7604.352516200549,5172.710544738191,-392.8648044847577
2021-04-01T00:00,8.040332495383145E11,-1.2584027258377231E12,-1.0133113878718029E10,7601.580251386494,5177.05376462231,-392.82978964925815
2021-04-01T00:00,8.046900260720343E11,-1.2579554283924597E12,-1.0167054372543724E10,7598.805610184357,5181.395648636125,-392.7946574755022
2021-04-01T00:00,8.053465628767543E11,-1.2575077558084175E12,-1.0200991830949608E10,7596.028593117991,5185.736195454616,-392.75940794999184
2021-04-01T00:00,8.060028597471997E11,-1.2570597082011301E12,-1.0234926243796488E10,7593.249200711491,5190.075403753032,-392.7240410594191
2021-04-01T00:00,8.066589164781412E11,-1.2566112856862458E12,-1.0268857600944021E10,7590.467433489192,5194.413272206892,-392.6885567906634
2021-04-01T00:00,8.073147328643947E11,-1.256162488379527E12,-1.0302785892250734E10,7587.683291975674,5198.749799491971,-392.65295513078837
2021-04-01T00:00,8.079703087008214E11,-1.255713316396851E12,-1.0336711107574034E10,7584.896776695755,5203.084984284309,-392.6172360670389
2021-04-01T00:00,8.086256437823279E11,-1.255263769854209E12,-1.0370633236770226E10,7582.107888174495,5207.418825260197,-392.58139958683864
2021-04-01T00:00,8.092807379038662E11,-1.2548138488677065E12,-1.0404552269694529E10,7579.316626937195,5211.7513210961815,-392.545445677787
2021-04-01T00:00,8.099355908604336E11,-1.2543635535535637E12,-1.043846819620109E10,7576.522993509395,5216.082470469057,-392.5093743276564
2021-04-01T00:00,8.105902024470728E11,-1.2539128840281152E12,-1.0472381006143E10,7573.726988416877,5220.412272055863,-392.47318552439
2021-04-01T00:00,8.11244572458872E11,-1.2534618404078096E12,-1.0506290689372307E10,7570.928612185663,5224.740724533883,-392.4368792560985
2021-04-01T00:00,8.118987006909648E11,-1.25301042280921E12,-1.0540197235740034E10,7568.127865342013,5229.067826580641,-392.4004555110582
2021-04-01T00:00,8.125525869385304E11,-1.2525586313489934E12,-1.057410063509619E10,7565.324748412428,5233.393576873898,-392.3639142777082
2021-04-01T00:00,8.132062309967932E11,-1.2521064661439514E12,-1.0608000877289783E10,7562.519261923648,5237.717974091652,-392.327255544648
2021-04-01T00:00,8.138596326610234E11,-1.25165392731099E12,-1.064189795216884E10,7559.711406402653,5242.041016912129,-392.2904793006351
2021-04-01T00:00,8.145127917265366E11,-1.2512010149671287E12,-1.0675791849580416E10,7556.901182376661,5246.362704013786,-392.25358553458295
2021-04-01T00:00,8.15165707988694E11,-1.250747729229502E12,-1.0709682559370604E10,7554.088590373131,5250.68303407531,-392.21657423555814
2021-04-01T00:00,8.158183812429022E11,-1.250294070215358E12,-1.0743570071384556E10,7551.27363091976,5255.00200577561,-392.17944539277863
2021-04-01T00:00,8.164708112846136E11,-1.2498400380420588E12,-1.0777454375466492E10,7548.456304544482,5259.319617793818,-392.1421989956113
2021-04-01T00:00,8.171229979093263E11,-1.2493856328270815E12,-1.0811335461459713E10,7545.6366117754715,5263.635868809288,-392.1048350335699
2021-04-01T00:00,8.177749409125837E11,-1.2489308546880164E12,-1.0845213319206614E10,7542.81455314114,5267.95075750159,-392.06735349631293
2021-04-01T00:00,8.184266400899751E11,-1.248475703742568E12,-1.0879087938548695E10,7539.990129170139,5272.264282550511,-392.02975437364165
2021-04-01T00:00,8.190780952371354E11,-1.2480201801085557E12,-1.0912959309326578E10,7537.163340391356,5276.576442636055,-391.99203765549794
2021-04-01T00:00,8.197293061497452E11,-1.2475642839039119E12,-1.0946827421380013E10,7534.334187333916,5280.887236438435,-391.9542033319624
2021-04-01T00:00,8.203802726235309E11,-1.2471080152466836E12,-1.0980692264547894E10,7531.502670527184,5285.196662638079,-391.9162513932524
2021-04-01T00:00,8.210309944542644E11,-1.2466513742550317E12,-1.101455382866827E10,7528.668790500759,5289.504719915622,-391.8781818297203
2021-04-01T00:00,8.216814714377637E11,-1.246194361047231E12,-1.1048412103578358E10,7525.83254778448,5293.811406951909,-391.83999463185125
2021-04-01T00:00,8.223317033698922E11,-1.2457369757416704E12,-1.108226707911455E10,7522.99394290842,5298.116722427989,-391.80168979026195
2021-04-01T00:00,8.229816900465594E11,-1.2452792184568525E12,-1.1116118745112429E10,7520.15297640289,5302.42066502512,-391.7632672956984
2021-04-01T00:00,8.236314312637207E11,-1.2448210893113943E12,-1.1149967091406776E10,7517.309648798438,5306.723233424762,-391.7247271390344
2021-04-01T00:00,8.242809268173768E11,-1.2443625884240264E12,-1.1183812107831589E10,7514.463960625846,5311.02442630858,-391.68606931126976
2021-04-01T00:00,8.24930176503575E11,-1.2439037159135933E12,-1.1217653784220083E10,7511.615912416135,5315.324242358441,-391.6472938035286
2021-04-01T00:00,8.255791801184077E11,-1.2434444718990535E12,-1.1251492110404709E10,7508.76550470056,5319.622680256412,-391.60840060705794
2021-04-01T00:00,8.262279374580138E11,-1.2429848564994792E12,-1.128532707621716E10,7505.912738010611,5323.919738684765,-391.56938971322586
2021-04-01T00:00,8.268764483185779E11,-1.242524869834057E12,-1.1319158671488382E10,7503.057612878015,5328.215416325968,-391.5302611135201
2021-04-01T00:00,8.275247124963306E11,-1.2420645120220864E12,-1.135298688604859E10,7500.200129834732,5332.50971186269,-391.49101479954646
2021-04-01T00:00,8.281727297875483E11,-1.2416037831829814E12,-1.138681170972727E10,7497.34028941296,5336.802623977799,-391.4516507630273
2021-04-01T00:00,8.288204999885536E11,-1.2411426834362698E12,-1.1420633132353195E10,7494.478092145132,5341.094151354363,-391.41216899580013
2021-04-01T00:00,8.29468022895715E11,-1.2406812129015928E12,-1.1454451143754433E10,7491.6135385639145,5345.384292675645,-391.37256948981616
2021-04-01T00:00,8.301152983054469E11,-1.2402193716987056E12,-1.1488265733758352E10,7488.74662920221,5349.673046625109,-391.3328522371388
2021-04-01T00:00,8.3076232601421E11,-1.239757159947477E12,-1.152207689219164E10,7485.877364593156,5353.960411886415,-391.29301722994245
2021-04-01T00:00,8.314091058185109E11,-1.2392945777678901E12,-1.1555884608880308E10,7483.005745270126,5358.24638714342,-391.2530644605109
2021-04-01T00:00,8.320556375149022E11,-1.238831625280041E12,-1.1589688873649696E10,7480.131771766728,5362.530971080179,-391.2129939212364
2021-04-01T00:00,8.327019208999829E11,-1.2383683026041396E12,-1.1623489676324492E10,7477.255444616807,5366.814162380944,-391.1728056046178
2021-04-01T00:00,8.333479557703978E11,-1.23790460986051E12,-1.1657287006728731E10,7474.376764354442,5371.095959730163,-391.1324995032598
2021-04-01T00:00,8.33993741922838E11,-1.2374405471695894E12,-1.1691080854685812E10,7471.495731513947,5375.37636181248,-391.09207560987136
2021-04-01T00:00,8.346392791540408E11,-1.2369761146519287E12,-1.1724871210018505E10,7468.612346629876,5379.65536731274,-391.0515339172647
2021-04-01T00:00,8.352845672607896E11,-1.2365113124281929E12,-1.1758658062548956E10,7465.726610237015,5383.932974915981,-391.0108744183539
2021-04-01T00:00,8.359296060399141E11,-1.2360461406191602E12,-1.1792441402098701E10,7462.838522870388,5388.209183307437,-390.97009710615384
2021-04-01T00:00,8.3657439528829E11,-1.2355805993457224E12,-1.1826221218488672E10,7459.948085065256,5392.483991172544,-390.9292019737789
2021-04-01T00:00,8.372189348028397E11,-1.235114688728885E12,-1.1859997501539207E10,7457.0552973571175,5396.757397196931,-390.888189014442
2021-04-01T00:00,8.378632243805314E11,-1.234648408889767E12,-1.1893770241070055E10,7454.160160281708,5401.029400066426,-390.84705822145327
2021-04-01T00:00,8.385072638183798E11,-1.2341817599496013E12,-1.1927539426900389E10,7451.262674375001,5405.299998467054,-390.80580958821923
2021-04-01T00:00,8.391510529134458E11,-1.233714742029734E12,-1.196130504884881E10,7448.362840173208,5409.569191085038,-390.76444310824144
2021-04-01T00:00,8.397945914628368E11,-1.233247355251624E12,-1.1995067096733362E10,7445.460658212778,5413.836976606799,-390.72295877511556
2021-04-01T00:00,8.404378792637064E11,-1.2327795997368452E12,-1.2028825560371532E10,7442.556129030402,5418.103353718955,-390.68135658253027
2021-04-01T00:00,8.410809161132546E11,-1.232311475607084E12,-1.2062580429580263E10,7439.649253163008,5422.368321108325,-390.6396365242663
2021-04-01T00:00,8.417237018087279E11,-1.2318429829841401E12,-1.209633169417596E10,7436.740031147766,5426.631877461926,-390.5977985941953
2021-04-01T00:00,8.423662361474191E11,-1.2313741219899275E12,-1.2130079343974499E10,7433.828463522083,5430.894021466973,-390.555842786279
2021-04-01T00:00,8.430085189266674E11,-1.2309048927464727E12,-1.2163823368791233E10,7430.914550823612,5435.154751810882,-390.51376909456826
2021-04-01T00:00,8.436505499438585E11,-1.2304352953759163E12,-1.2197563758441004E10,7427.998293590244,5439.414067181269,-390.4715775132019
2021-04-01T00:00,8.442923289964247E11,-1.2299653300005117E12,-1.2231300502738144E10,7425.079692360115,5443.67196626595,-390.429268036406
2021-04-01T00:00,8.449338558818446E11,-1.2294949967426262E12,-1.2265033591496489E10,7422.1587476715995,5447.928447752941,-390.3868406584927
2021-04-01T00:00,8.455751303976434E11,-1.2290242957247405E12,-1.2298763014529383E10,7419.23546006332,5452.18351033046,-390.34429537385967
2021-04-01T00:00,8.46216152341393E11,-1.228553227069448E12,-1.2332488761649685E10,7416.309830074141,5456.437152686928,-390.3016321769889
2021-04-01T00:00,8.468569215107113E11,-1.2280817908994558E12,-1.2366210822669777E10,7413.381858243173,5460.689373510966,-390.258851062446
2021-04-01T00:00,8.474974377032635E11,-1.2276099873375845E12,-1.2399929187401573E10,7410.45154510977,5464.940171491399,-390.21595202487924
2021-04-01T00:00,8.48137700716761E11,-1.2271378165067676E12,-1.2433643845656523E10,7407.5188912135345,5469.189545317256,-390.17293505901876
2021-04-01T00:00,8.487777103489618E11,-1.2266652785300522E12,-1.2467354787245623E10,7404.583897094313,5473.437493677766,-390.12980015967577
2021-04-01T00:00,8.494174663976708E11,-1.2261923735305984E12,-1.2501062001979418E10,7401.646563292203,5477.684015262366,-390.08654732174165
2021-04-01T00:00,8.500569686607393E11,-1.2257191016316797E12,-1.2534765479668016E10,7398.706890347547,5481.929108760698,-390.0431765401872
2021-04-01T00:00,8.506962169360653E11,-1.2252454629566829E12,-1.2568465210121088E10,7395.764878800941,5486.1727728626065,-389.9996878100618
2021-04-01T00:00,8.513352110215938E11,-1.2247714576291074E12,-1.2602161183147877E10,7392.820529193227,5490.415006258145,-389.9560811264928
2021-04-01T00:00,8.51973950715316E11,-1.2242970857725667E12,-1.2635853388557205E10,7389.873842065501,5494.65580763757,-389.9123564846845
2021-04-01T00:00,8.526124358152705E11,-1.2238223475107869E12,-1.2669541816157482E10,7386.924817959109,5498.895175691349,-389.8685138799176
2021-04-01T00:00,8.532506661195421E11,-1.2233472429676072E12,-1.2703226455756706E10,7383.973457415649,5503.133109110154,-389.82455330754834
2021-04-01T00:00,8.538886414262628E11,-1.22287177226698E12,-1.2736907297162477E10,7381.019760976975,5507.369606584866,-389.78047476300793
2021-04-01T00:00,8.545263615336112E11,-1.222395935532971E12,-1.2770584330182001E10,7378.063729185193,5511.6046668065765,-389.7362782418017
2021-04-01T00:00,8.551638262398129E11,-1.2219197328897588E12,-1.2804257544622093E10,7375.105362582664,5515.838288466585,-389.69196373950837
2021-04-01T00:00,8.5580103534314E11,-1.2214431644616353E12,-1.2837926930289186E10,7372.14466171201,5520.070470256402,-389.6475312517795
2021-04-01T00:00,8.56437988641912E11,-1.2209662303730051E12,-1.287159247698934E10,7369.181627116104,5524.301210867748,-389.60298077433873
2021-04-01T00:00,8.570746859344949E11,-1.2204889307483862E12,-1.2905254174528242E10,7366.216259338083,5528.530508992554,-389.5583123029811
2021-04-01T00:00,8.577111270193016E11,-1.2200112657124092E12,-1.293891201271122E10,7363.2485589213375,5532.758363322966,-389.5135258335724
2021-04-01T00:00,8.583473116947925E11,-1.219533235389818E12,-1.297256598134324E10,7360.278526409524,5536.98477255134,-389.4686213620485
2021-04-01T00:00,8.589832397594742E11,-1.2190548399054697E12,-1.3006216070228922E10,7357.3061623465555,5541.209735370247,-389.4235988844149
2021-04-01T00:00,8.59618911011901E11,-1.2185760793843337E12,-1.3039862269172535E10,7354.331467276612,5545.43325047247,-389.37845839674577
2021-04-01T00:00,8.602543252506737E11,-1.218096953951493E12,-1.3073504567978014E10,7351.3544417441335,5549.655316551008,-389.3331998951836
2021-04-01T00:00,8.608894822744404E11,-1.2176174637321428E12,-1.3107142956448957E10,7348.375086293826,5553.8759322990745,-389.28782337593856
2021-04-01T00:00,8.615243818818962E11,-1.2171376088515923E12,-1.314077742438864E10,7345.393401470661,5558.0950964101,-389.2423288352877
2021-04-01T00:00,8.621590238717833E11,-1.2166573894352625E12,-1.3174407961600008E10,7342.409387819877,5562.31280757773,-389.1967162695747
2021-04-01T00:00,8.62793408042891E11,-1.2161768056086877E12,-1.3208034557885698E10,7339.423045886981,5566.529064495829,-389.150985675209
2021-04-01T00:00,8.634275341940557E11,-1.2156958574975154E12,-1.3241657203048037E10,7336.434376217747,5570.743865858476,-389.10513704866526
2021-04-01T00:00,8.640614021241609E11,-1.2152145452275051E12,-1.3275275886889042E10,7333.443379358223,5574.957210359972,-389.05917038648306
2021-04-01T00:00,8.646950116321375E11,-1.21473286892453E12,-1.3308890599210434E10,7330.450055854725,5579.169096694835,-389.01308568526605
2021-04-01T00:00,8.653283625169633E11,-1.2142508287145757E12,-1.334250132981364E10,7327.454406253844,5583.379523557804,-388.9668829416815
2021-04-01T00:00,8.659614545776636E11,-1.2137684247237402E12,-1.3376108068499802E10,7324.456431102445,5587.588489643835,-388.9205621524598
2021-04-01T00:00,8.665942876133108E11,-1.213285657078235E12,-1.3409710805069775E10,7321.456130947667,5591.795993648108,-388.874123314394
2021-04-01T00:00,8.672268614230247E11,-1.2128025259043838E12,-1.3443309529324139E10,7318.453506336926,5596.0020342660255,-388.82756642433907
2021-04-01T00:00,8.678591758059722E11,-1.2123190313286233E12,-1.3476904231063202E10,7315.448557817916,5600.206610193209,-388.7808914792116
2021-04-01T00:00,8.684912305613677E11,-1.2118351734775027E12,-1.3510494900087006E10,7312.441285938608,5604.409720125503,-388.7340984759892
2021-04-01T00:00,8.691230254884728E11,-1.2113509524776838E12,-1.3544081526195332E10,7309.431691247259,5608.611362758977,-388.68718741170994
2021-04-01T00:00,8.697545603865966E11,-1.2108663684559414E12,-1.3577664099187704E10,7306.4197742924,5612.811536789923,-388.6401582834721
2021-04-01T00:00,8.703858350550955E11,-1.2103814215391628E12,-1.3611242608863396E10,7303.40553562285,5617.010240914858,-388.5930110884334
2021-04-01T00:00,8.710168492933733E11,-1.209896111854348E12,-1.3644817045021437E10,7300.388975787711,5621.207473830524,-388.54574582381065
2021-04-01T00:00,8.716476029008813E11,-1.209410439528609E12,-1.3678387397460613E10,7297.370095336371,5625.403234233888,-388.4983624868794
2021-04-01T00:00,8.722780956771184E11,-1.2089244046891711E12,-1.3711953655979479E10,7294.348894818504,5629.597520822144,-388.45086107497315
2021-04-01T00:00,8.729083274216307E11,-1.208438007463372E12,-1.3745515810376356E10,7291.325374784072,5633.790332292712,-388.40324158548333
2021-04-01T00:00,8.735382979340121E11,-1.2079512479786619E12,-1.3779073850449343E10,7288.299535783327,5637.98166734324,-388.35550401585846
2021-04-01T00:00,8.741680070139038E11,-1.2074641263626035E12,-1.3812627765996313E10,7285.271378366813,5642.171524671601,-388.30764836360396
2021-04-01T00:00,8.747974544609948E11,-1.2069766427428718E12,-1.3846177546814928E10,7282.240903085366,5646.3599029759,-388.25967462628154
2021-04-01T00:00,8.754266400750214E11,-1.2064887972472546E12,-1.3879723182702639E10,7279.208110490114,5650.5468009544675,-388.21158280150894
2021-04-01T00:00,8.760555636557677E11,-1.206000590003652E12,-1.391326466345669E10,7276.1730011324835,5654.732217305866,-388.1633728869594
2021-04-01T00:00,8.766842250030656E11,-1.205512021140077E12,-1.3946801978874123E10,7273.135575564194,5658.916150728885,-388.1150448803612
2021-04-01T00:00,8.773126239167943E11,-1.2050230907846538E12,-1.3980335118751785E10,7270.095834337266,5663.098599922547,-388.0665987794974
2021-04-01T00:00,8.779407601968811E11,-1.2045337990656206E12,-1.4013864072886333E10,7267.053778004016,5667.279563586103,-388.0180345822052
2021-04-01T00:00,8.785686336433007E11,-1.2040441461113267E12,-1.4047388831074236E10,7264.009407117063,5671.459040419036,-387.96935228637585
