Name=sun
Mass=1.9885E30
Radius=6.96E8
Image_Path=/src/main/java/misc/sunScaled.png
Icon_Path=/src/main/java/misc/sunIcon.png
Start_Time=2021-04-01T00:00
End_Time=2021-04-01T00:00
No_of_Steps=367
$SOE
2021-04-01T00:00,-6.806783239281648E8,1.080005533878725E9,6564012.75169017,-14.20511669610689,-4.954714716629277,0.3994237625449041
2021-04-01T00:00,-6.819056460107085E8,1.0795774465272083E9,6598522.96477405,-14.203907465880706,-4.973245268029889,0.3995056256091048
2021-04-01T00:00,-6.831328636157606E8,1.0791477581360505E9,6633040.250826676,-14.202675216998353,-4.991860084436569,0.3995848333007528
2021-04-01T00:00,-6.843599747545092E8,1.078716461424755E9,6667564.380423862,-14.201417451317756,-5.010559248199979,0.39966129155732816
2021-04-01T00:00,-6.85586977222303E8,1.0782835491057105E9,6702095.1160144145,-14.200131607439072,-5.029342736166207,0.39973490644554116
2021-04-01T00:00,-6.868138685931858E8,1.0778490138933058E9,6736632.21193131,-14.198815066334216,-5.048210410354498,0.39980558531206967
2021-04-01T00:00,-6.880406462149171E8,1.0774128485138512E9,6771175.414502272,-14.197465157762943,-5.067162008357074,0.39987323802859703
2021-04-01T00:00,-6.892673072045478E8,1.076975045716329E9,6805724.462267943,-14.196079167665243,-5.0861971334608524,0.3999377783486223
2021-04-01T00:00,-6.904938484446341E8,1.076535598283998E9,6840279.086317264,-14.19465434674151,-5.105315244521199,0.39999912539314425
2021-04-01T00:00,-6.917202665801926E8,1.0760944990468714E9,6874839.010751232,-14.19318792045344,-5.1245156456562455,0.4000572052813851
2021-04-01T00:00,-6.929465580165198E8,1.0756517408950868E9,6909403.953287543,-14.191677100699314,-5.14379747587904,0.40011195292083834
2021-04-01T00:00,-6.941727189180202E8,1.075207316793171E9,6943973.626019903,-14.190119099435893,-5.1631596988452335,0.40016331396770627
2021-04-01T00:00,-6.953987452082115E8,1.0747612197951908E9,6978547.736346713,-14.188511144531867,-5.182601092967442,0.40021124696387117
2021-04-01T00:00,-6.96624632571099E8,1.0743134430607584E9,7013125.988084392,-14.186850498140057,-5.202120242235006,0.40025572564947004
2021-04-01T00:00,-6.978503764541384E8,1.0738639798718293E9,7047708.0827805055,-14.185134477861329,-5.2217155281805425,0.400296741440385
2021-04-01T00:00,-6.990759720730256E8,1.0734128236501945E9,7082293.7212409545,-14.183360480935882,-5.24138512355222,0.40033430604691606
2021-04-01T00:00,-7.003014144185784E8,1.0729599679755197E9,7116882.605283408,-14.181526011629124,-5.261126988380877,0.4003684541929955
2021-04-01T00:00,-7.015266982659831E8,1.0725054066037235E9,7151474.439725683,-14.179628711870615,-5.280938869268965,0.40039924637407887
2021-04-01T00:00,-7.027518181866888E8,1.0720491334854187E9,7186068.934612404,-14.17766639504563,-5.300818302865089,0.4004267715660984
2021-04-01T00:00,-7.039767685632207E8,1.0715911427840512E9,7220665.807675715,-14.17563708262026,-5.320762624610225,0.40045114976782115
2021-04-01T00:00,-7.052015436071591E8,1.0711314288932848E9,7255264.787015654,-14.173539042995198,-5.340768983930486,0.40047253422548357
2021-04-01T00:00,-7.06426137380474E8,1.0706699864530733E9,7289865.613972736,-14.171370831627579,-5.360834367081336,0.4004911131534742
2021-04-01T00:00,-7.076505438203266E8,1.0702068103637575E9,7324468.046149196,-14.169131331039129,-5.380955628788522,0.40050711073107675
2021-04-01T00:00,-7.088747567673284E8,1.0697418957974302E9,7359071.860516361,-14.166819788859042,-5.401129533646606,0.40052078712723455
2021-04-01T00:00,-7.100987699970858E8,1.069275238205723E9,7393676.856524154,-14.16443585156289,-5.421352807891236,0.4005324372887713
2021-04-01T00:00,-7.113225772546608E8,1.0688068333231212E9,7428282.859105904,-14.161979591115117,-5.441622201626462,0.4005423882295699
2021-04-01T00:00,-7.125461722913332E8,1.0683366771649007E9,7462889.721448938,-14.159451521372215,-5.461934560847704,0.4005509945865651
2021-04-01T00:00,-7.137695489027798E8,1.0678647660188434E9,7497497.327381218,-14.156852600943369,-5.4822869076638465,0.40055863227026
2021-04-01T00:00,-7.149927009675013E8,1.0673910964300213E9,7532105.593209368,-14.15418421933053,-5.502676526033431,0.4005656901378874
2021-04-01T00:00,-7.162156224840515E8,1.066915665178172E9,7566714.468837282,-14.151448163669711,-5.523101049179632,0.4005725597571557
2021-04-01T00:00,-7.174383076053926E8,1.0664384692475228E9,7601323.9380003,-14.14864656433094,-5.543558543772544,0.4005796235022685
2021-04-01T00:00,-7.186607506685507E8,1.0659595057893409E9,7635934.017470896,-14.145781819015182,-5.564047585139201,0.4005872414182193
2021-04-01T00:00,-7.198829462177136E8,1.0654787720779848E9,7670544.75512943,-14.14285649674686,-5.58456731737178,0.4005957374826881
2021-04-01T00:00,-7.211048890190325E8,1.0649962654617639E9,7705156.226847935,-14.1398732251472,-5.605117492423667,0.4006053860591587
2021-04-01T00:00,-7.223265740656852E8,1.0645119833104185E9,7739768.532203446,-14.13683456635044,-5.625698483220392,0.40061639943959926
2021-04-01T00:00,-7.235479965722178E8,1.0640259229614682E9,7774381.7891150275,-14.133742888601946,-5.646311267473296,0.40062891739313805
2021-04-01T00:00,-7.24769151957793E8,1.0635380816679585E9,7808996.127577795,-14.130600241659831,-5.666957381143765,0.40064299955177585
2021-04-01T00:00,-7.259900358186724E8,1.0630484565502276E9,7843611.682739068,-14.127408244375403,-5.687638843112298,0.4006586212744298
2021-04-01T00:00,-7.272106438909864E8,1.0625570445541828E9,7878228.587617178,-14.124167992137314,-5.708358055213341,0.40067567335424464
2021-04-01T00:00,-7.284309720055071E8,1.0620638424182123E9,7912846.965794985,-14.120879990273536,-5.729117684027809,0.4006939656058326
2021-04-01T00:00,-7.296510160366668E8,1.0615688466503123E9,7947466.9244233295,-14.117544117217689,-5.749920532353157,0.40071323403438114
2021-04-01T00:00,-7.308707718483944E8,1.061072053516317E9,7982088.5478439005,-14.114159618588836,-5.770769408886817,0.4007331509944205
2021-04-01T00:00,-7.320902352394404E8,1.0605734590393891E9,8016711.892089819,-14.110725130687314,-5.7916670043146,0.4007533375313685
2021-04-01T00:00,-7.333094018907318E8,1.0600730590102164E9,8051336.980452529,-14.107238729629534,-5.8126157808057375,0.40077337698705623
2021-04-01T00:00,-7.345282673169718E8,1.0595708490067548E9,8085963.800224211,-14.103698000695152,-5.833617880122109,0.40079282894569657
2021-04-01T00:00,-7.357468268242319E8,1.0590668244219122E9,8120592.3006451195,-14.100100121570973,-5.854675053457648,0.4008112426860924
2021-04-01T00:00,-7.369650754747356E8,1.0585609804972935E9,8155222.392013198,-14.096441953041515,-5.875788614040865,0.40082816946373656
2021-04-01T00:00,-7.381830080594784E8,1.0580533123610404E9,8189853.945854865,-14.092720131178716,-5.89695941170837,0.40084317314166995
2021-04-01T00:00,-7.394006190788122E8,1.0575438150678687E9,8224486.796014305,-14.088931156037761,-5.918187827251892,0.40085583889134413
2021-04-01T00:00,-7.406179027306939E8,1.0570324836395942E9,8259120.740494518,-14.085071473066309,-5.939473783422193,0.40086577986992566
2021-04-01T00:00,-7.418348529059669E8,1.0565193131047065E9,8293755.543875279,-14.081137544692279,-5.960816769025705,0.40087264193242705
2021-04-01T00:00,-7.430514631898283E8,1.0560042985358627E9,8328390.94013824,-14.077125910724831,-5.982215872501734,0.4008761065482322
2021-04-01T00:00,-7.442677268685149E8,1.0554874350844785E9,8363026.635744007,-14.073033237190208,-6.003669821618496,0.4008758921616556
2021-04-01T00:00,-7.454836369402081E8,1.0549687180118906E9,8397662.312826775,-14.068856353984149,-6.025177026367916,0.40087175426978844
2021-04-01T00:00,-7.466991861291924E8,1.0544481427168125E9,8432297.632395685,-14.064592282250615,-6.0467356226759446,0.4008634844954506
2021-04-01T00:00,-7.479143669023788E8,1.0539257047590133E9,8466932.23745609,-14.06023825271483,-6.068343515100962,0.4008509089168336
2021-04-01T00:00,-7.491291714874134E8,1.0534013998793086E9,8501565.755986504,-14.05579171634408,-6.089998417214441,0.4008338858861357
2021-04-01T00:00,-7.503435918917055E8,1.0528752240160613E9,8536197.803727066,-14.05125034872452,-6.1116978888133735,0.40081230353363256
2021-04-01T00:00,-7.515576199218353E8,1.0523471733184679E9,8570827.986752372,-14.046612049466727,-6.133439369488424,0.4007860771161032
2021-04-01T00:00,-7.527712472029092E8,1.051817244156944E9,8605455.903815204,-14.041874937821824,-6.155220208363204,0.400755146332705
2021-04-01T00:00,-7.539844651975371E8,1.0512854331309415E9,8640081.14845835,-14.037037345531141,-6.177037690034554,0.4007194726992922
2021-04-01T00:00,-7.55197265224191E8,1.0507517370745225E9,8674703.310899569,-14.032097807765775,-6.198889056891729,0.40067903704480046
2021-04-01T00:00,-7.564096384747819E8,1.0502161530600071E9,8709321.97970024,-14.027055052851674,-6.220771528086073,0.40063383717092266
2021-04-01T00:00,-7.576215760313482E8,1.0496786783999804E9,8743936.743231807,-14.021907991329316,-6.24268231547424,0.4005838856986577
2021-04-01T00:00,-7.588330688817991E8,1.0491393106479235E9,8778547.190956172,-14.016655704768814,-6.264618636878172,0.4005292081119136
2021-04-01T00:00,-7.600441079346911E8,1.0485980475976971E9,8813152.91453704,-14.011297434652876,-6.286577727003124,0.4004698409985654
2021-04-01T00:00,-7.61254684033045E8,1.0480548872820841E9,8847753.508799316,-14.00583257155087,-6.308556846338524,0.4004058304825518
2021-04-01T00:00,-7.624647879672271E8,1.0475098279705604E9,8882348.572553009,-14.00026064473582,-6.330553288341066,0.40033723083612527
2021-04-01T00:00,-7.636744104869323E8,1.0469628681664478E9,8916937.70929725,-13.99458131234019,-6.352564385169441,0.4002641032587047
2021-04-01T00:00,-7.648835423123184E8,1.0464140066035691E9,8951520.5278188,-13.988794352103644,-6.3745875122085485,0.40018651480745593
2021-04-01T00:00,-7.660921741443402E8,1.0458632422425144E9,8986096.642698165,-13.982899652734122,-6.396620091589879,0.4001045374643665
2021-04-01T00:00,-7.673002966743364E8,1.045310574266601E9,9020665.674735086,-13.97689720588061,-6.418659594885415,0.40001824732489005
2021-04-01T00:00,-7.685079005929245E8,1.0447560020776029E9,9055227.251303956,-13.97078709869995,-6.440703545125472,0.39992772389398
2021-04-01T00:00,-7.697149765982522E8,1.044199525291304E9,9089781.006648395,-13.964569506989466,-6.462749518266876,0.3998330494763443
2021-04-01T00:00,-7.709215154036561E8,1.0436411437329258E9,9124326.582123151,-13.958244688850652,-6.484795144216732,0.3997343086488996
2021-04-01T00:00,-7.721275077447728E8,1.0430808574324654E9,9158863.626390416,-13.951812978845767,-6.506838107498786,0.39963158780460284
2021-04-01T00:00,-7.733329443861451E8,1.0425186666199776E9,9193391.795576734,-13.945274782608008,-6.528876147633738,0.3995249747580216
2021-04-01T00:00,-7.745378161273625E8,1.0419545717208221E9,9227910.753395827,-13.93863057186623,-6.550907059291656,0.3994145584041386
2021-04-01T00:00,-7.757421138087717E8,1.0413885733508993E9,9262420.171241945,-13.931880879846725,-6.572928692263563,0.399300428422941
2021-04-01T00:00,-7.769458283167905E8,1.0408206723118877E9,9296919.728257686,-13.925026297016597,-6.59493895129005,0.399182675023312
2021-04-01T00:00,-7.781489505888526E8,1.0402508695864962E9,9331409.1113797,-13.918067467135883,-6.616935795777166,0.3990613887206127
2021-04-01T00:00,-7.793514716180131E8,1.0396791663337411E9,9365888.015365161,-13.911005083588227,-6.638917239423612,0.39893666014311946
2021-04-01T00:00,-7.805533824572352E8,1.0391055638842548E9,9400356.142801527,-13.903839885962746,-6.660881349778197,0.3988085798631682
2021-04-01T00:00,-7.817546742233824E8,1.038530063735634E9,9434813.204101704,-13.896572656862379,-6.682826247742394,0.39867723824945733
2021-04-01T00:00,-7.829553381009352E8,1.037952667547829E9,9469258.917486457,-13.889204218916667,-6.704750107029557,0.3985427253374853
2021-04-01T00:00,-7.841553653454496E8,1.0373733771385816E9,9503693.008955617,-13.881735431979303,-6.7266511535897555,0.39840513071555084
2021-04-01T00:00,-7.853547472867726E8,1.0367921944789115E9,9538115.21224944,-13.874167190493026,-6.748527665007047,0.3982645434241347
2021-04-01T00:00,-7.865534753320312E8,1.0362091216886549E9,9572525.268801285,-13.866500421006508,-6.770377969874455,0.3981210518668164
2021-04-01T00:00,-7.877515409684062E8,1.0356241610320578E9,9606922.927682579,-13.858736079829708,-6.792200447150588,0.39797474373116587
2021-04-01T00:00,-7.889489357657034E8,1.0350373149134239E9,9641307.945540952,-13.850875150815789,-6.8139935255009005,0.3978257059182925
2021-04-01T00:00,-7.901456513787339E8,1.0344485858728206E9,9675680.086532293,-13.842918643259221,-6.835755682625854,0.3976740244799427
2021-04-01T00:00,-7.913416795495114E8,1.0338579765818417E9,9710039.12224736,-13.834867589900929,-6.857485444577669,0.3975197845622101
2021-04-01T00:00,-7.925370121092789E8,1.0332654898394302E9,9744384.831633536,-13.82672304503252,-6.87918138506697,0.397363070355072
2021-04-01T00:00,-7.937316409803697E8,1.0326711285677605E9,9778717.000912214,-13.818486082692589,-6.900842124760338,0.39720396504708944
2021-04-01T00:00,-7.949255581779144E8,1.0320748958081812E9,9813035.423492283,-13.810157794949005,-6.922466330569581,0.39704255078471185
2021-04-01T00:00,-7.96118755811398E8,1.03147679471722E9,9847339.899880081,-13.801739290261786,-6.944052714933401,0.3968789086357166
2021-04-01T00:00,-7.973112260860766E8,1.0308768285626497E9,9881630.237586208,-13.79323169192185,-6.96560003509207,0.3967131185563845
2021-04-01T00:00,-7.985029613042587E8,1.0302750007196177E9,9915906.251029478,-13.784636136561476,-6.987107092355677,0.39654525936207474
2021-04-01T00:00,-7.996939538664576E8,1.0296713146668382E9,9950167.761438362,-13.775953772732773,-7.008572731366493,0.3963754087009125
2021-04-01T00:00,-8.008841962724217E8,1.029065773982848E9,9984414.596750122,-13.76718575955089,-7.029995839356027,0.3962036430303448
2021-04-01T00:00,-8.02073681122047E8,1.0284583823423277E9,1.0018646591507943E7,-13.758333265399004,-7.051375345397337,0.39603003759635347
2021-04-01T00:00,-8.032624011161774E8,1.0278491435124854E9,1.0052863586756269E7,-13.749397466692466,-7.072710219653211,0.39585466641514433
2021-04-01T00:00,-8.044503490572996E8,1.0272380613495073E9,1.0087065429934537E7,-13.740379546699678,-7.093999472620845,0.3956776022571527
2021-04-01T00:00,-8.056375178501345E8,1.0266251397950729E9,1.0121251974769555E7,-13.731280694417537,-7.115242154373679,0.3954989166332271
2021-04-01T00:00,-8.068239005021322E8,1.026010382872935E9,1.0155423081166666E7,-13.722102103499402,-7.1364373538010915,0.39531867978286606
2021-04-01T00:00,-8.080094901238745E8,1.0253937946855667E9,1.0189578615099905E7,-13.712844971233737,-7.1575841978466554,0.39513696066439663
2021-04-01T00:00,-8.091942799293891E8,1.0247753794108727E9,1.022371844850131E7,-13.703510497571662,-7.178681850745699,0.39495382694699444
2021-04-01T00:00,-8.103782632363793E8,1.0241551412989683E9,1.025784245914953E7,-13.694099884201764,-7.199729513262917,0.3947693450044508
2021-04-01T00:00,-8.115614334663743E8,1.0235330846690224E9,1.0291950530557916E7,-13.68461433367062,-7.220726421930799,0.39458357991060233
2021-04-01T00:00,-8.127437841448034E8,1.0229092139061676E9,1.0326042551862191E7,-13.675055048547515,-7.241671848289625,0.3943965954363405
2021-04-01T00:00,-8.139253089009979E8,1.0222835334584754E9,1.0360118417707892E7,-13.665423230631928,-7.2625650981298175,0.3942084540481261
2021-04-01T00:00,-8.151060014681245E8,1.0216560478339969E9,1.039417802813765E7,-13.655720080202387,-7.283405510737374,0.39401921690793495
2021-04-01T00:00,-8.16285855683054E8,1.0210267615978692E9,1.0428221288478496E7,-13.64594679530536,-7.3041924581431665,0.3938289438745647
2021-04-01T00:00,-8.174648654861684E8,1.0203956793694856E9,1.0462248109229257E7,-13.636104571082841,-7.324925344376802,0.39363769350623506
2021-04-01T00:00,-8.186430249211099E8,1.0197628058197315E9,1.0496258405948196E7,-13.626194599137373,-7.34560360472579,0.3934455230644163
2021-04-01T00:00,-8.198203281344754E8,1.0191281456682832E9,1.053025209914096E7,-13.616218066933211,-7.366226705000682,0.39325248851882105
2021-04-01T00:00,-8.209967693754584E8,1.0184917036809711E9,1.0564229114148987E7,-13.606176157232419,-7.386794140806869,0.3930586445534973
2021-04-01T00:00,-8.221723429954432E8,1.0178534846672055E9,1.0598189381038409E7,-13.596070047564654,-7.407305436823659,0.3928640445739621
2021-04-01T00:00,-8.233470434475528E8,1.0172134934774638E9,1.0632132834489599E7,-13.585900909729455,-7.427760146091242,0.39266874071531455
2021-04-01T00:00,-8.245208652861534E8,1.0165717350008416E9,1.0666059413687402E7,-13.575669909329832,-7.448157849306128,0.3924727838512705
2021-04-01T00:00,-8.256938031663195E8,1.0159282141626616E9,1.0699969062212152E7,-13.565378205336016,-7.4684981541255775,0.39227622360406106
2021-04-01T00:00,-8.268658518432605E8,1.0152829359221451E9,1.0733861727931544E7,-13.555026949678181,-7.488780694481548,0.3920791083551383
2021-04-01T00:00,-8.280370061717128E8,1.014635905270142E9,1.0767737362893429E7,-13.544617286867053,-7.509005129904606,0.391881485256633
2021-04-01T00:00,-8.29207261105298E8,1.0139871272269182E9,1.0801595923219603E7,-13.534150353641245,-7.529171144858252,0.39168340024351034
2021-04-01T00:00,-8.303766116958526E8,1.0133366068400024E9,1.0835437369000642E7,-13.523627278640246,-7.54927844808404,0.39148489804637054
2021-04-01T00:00,-8.315450530927272E8,1.0126843491820879E9,1.0869261664191848E7,-13.513049182101978,-7.569326771957856,0.39128602220484354
2021-04-01T00:00,-8.327125805420609E8,1.0120303593489908E9,1.0903068776510347E7,-13.502417175583862,-7.589315871857678,0.39108681508152643
2021-04-01T00:00,-8.338791893860313E8,1.0113746424576623E9,1.093685867733339E7,-13.491732361706338,-7.6092455255430975,0.39088731787641556
2021-04-01T00:00,-8.350448750620826E8,1.0107172036442554E9,1.0970631341597913E7,-13.480995833917857,-7.6291155325468605,0.3906875706417852
2021-04-01T00:00,-8.362096331021332E8,1.0100580480622433E9,1.1004386747701364E7,-13.470208676280285,-7.648925713578632,0.3904876122974673
2021-04-01T00:00,-8.373734591317638E8,1.0093971808805902E9,1.1038124877403865E7,-13.459371963273798,-7.668675909941182,0.3902874806464868
2021-04-01T00:00,-8.385363488693907E8,1.0087346072819713E9,1.1071845715731721E7,-13.448486759620286,-7.688365982959132,0.39008721239100996
2021-04-01T00:00,-8.396982981254219E8,1.0080703324610437E9,1.1105549250882305E7,-13.43755412012433,-7.707995813420379,0.38988684314856403
2021-04-01T00:00,-8.408593028014007E8,1.0074043616227642E9,1.1139235474130342E7,-13.426575089530854,-7.7275653010303005,0.3896864074684873
2021-04-01T00:00,-8.420193588891361E8,1.0067366999807552E9,1.1172904379735619E7,-13.415550702398555,-7.747074363878777,0.3894859388485718
2021-04-01T00:00,-8.431784624698234E8,1.0060673527557161E9,1.1206555964852136E7,-13.404481982988273,-7.766522937920092,0.38928546975186074
2021-04-01T00:00,-8.443366097131536E8,1.0053963251738797E9,1.1240190229438696E7,-13.39336994516542,-7.785910976465685,0.3890850316235654
2021-04-01T00:00,-8.454937968764158E8,1.0047236224655131E9,1.1273807176170971E7,-13.38221559231571,-7.805238449689766,0.388884654908067
2021-04-01T00:00,-8.46650020303592E8,1.00404924986346E9,1.1307406810355028E7,-13.371019917273351,-7.824505344147734,0.38868436906597115
2021-04-01T00:00,-8.478052764244444E8,1.0033732126017256E9,1.1340989139842328E7,-13.359783902260977,-7.843711662307326,0.3884842025911829
2021-04-01T00:00,-8.489595617535998E8,1.0026955159141022E9,1.1374554174946206E7,-13.348508518840557,-7.862857422092434,0.38828418302797313
2021-04-01T00:00,-8.501128728896276E8,1.0020161650328335E9,1.1408101928359823E7,-13.33719472787458,-7.881942656439448,0.3880843369880067
2021-04-01T00:00,-8.512652065141159E8,1.0013351651873171E9,1.1441632415075587E7,-13.325843479496838,-7.900967412866025,0.38788469016730487
2021-04-01T00:00,-8.524165593907444E8,1.0006525216028455E9,1.1475145652306043E7,-13.314455713092123,-7.919931753052107,0.3876852673631141
2021-04-01T00:00,-8.535669283643556E8,9.999682394993819E8,1.1508641659406215E7,-13.303032357284255,-7.9388357524330155,0.38748609249065435
2021-04-01T00:00,-8.547163103600249E8,9.992823240903717E8,1.1542120457797408E7,-13.291574329931825,-7.95767949980442,0.38728718859971656
2021-04-01T00:00,-8.55864702382131E8,9.985947805815886E8,1.1575582070892423E7,-13.280082538131134,-7.976463096938898,0.3870885778910749
2021-04-01T00:00,-8.570121015134255E8,9.979056141700131E8,1.1609026524022212E7,-13.268557878225954,-7.995186658213761,0.3868902817326659
2021-04-01T00:00,-8.581585049141042E8,9.972148300427434E8,1.1642453844363915E7,-13.257001235823942,-8.013850310249628,0.38669232067545206
2021-04-01T00:00,-8.593039098208795E8,9.965224333759378E8,1.1675864060870273E7,-13.24541348582049,-8.03245419155897,0.38649471446880274
2021-04-01T00:00,-8.604483135460544E8,9.958284293337871E8,1.1709257204200378E7,-13.233795492433536,-8.050998452203723,0.38629748207502745
2021-04-01T00:00,-8.615917134766006E8,9.951328230675167E8,1.174263330665166E7,-13.222148109261525,-8.069483253466576,0.38610064168290953
2021-04-01T00:00,-8.627341070732409E8,9.944356197144172E8,1.1775992402093062E7,-13.210472179352864,-8.087908767586548,0.38590421072838715
2021-04-01T00:00,-8.63875491869537E8,9.937368243968978E8,1.1809334525899995E7,-13.198768535115873,-8.106275177525424,0.3857082059299959
2021-04-01T00:00,-8.65015865470971E8,9.930364422215596E8,1.1842659714892346E7,-13.187037998326693,-8.124582676580692,0.3855126432906329
2021-04-01T00:00,-8.661552255540264E8,9.92334478278303E8,1.1875968007272657E7,-13.175281380225956,-8.142831468071872,0.3853175381024981
2021-04-01T00:00,-8.672935698652779E8,9.916309376394616E8,1.1909259442564713E7,-13.163499481578048,-8.161021765067495,0.3851229049606713
2021-04-01T00:00,-8.684308962204863E8,9.909258253589598E8,1.1942534061553314E7,-13.151693092720688,-8.179153790120587,0.3849287577772416
2021-04-01T00:00,-8.695672025036974E8,9.902191464714934E8,1.1975791906225268E7,-13.139862993613923,-8.197227775011456,0.38473510979499387
2021-04-01T00:00,-8.707024866663456E8,9.895109059917324E8,1.2009033019711556E7,-13.128009953889965,-8.215243960498423,0.38454197360065023
2021-04-01T00:00,-8.718367467263616E8,9.888011089135453E8,1.2042257446230652E7,-13.116134732903857,-8.23320259607664,0.3843493611377101
2021-04-01T00:00,-8.729699807672845E8,9.880897602092443E8,1.207546523103295E7,-13.104238079784738,-8.251103939744928,0.3841572837189135
2021-04-01T00:00,-8.741021869373779E8,9.873768648288503E8,1.2108656420346266E7,-13.092320733487414,-8.268948257780446,0.38396575203833866
2021-04-01T00:00,-8.752333634487512E8,9.86662427699378E8,1.2141831061322378E7,-13.080383422843965,-8.286735824520985,0.3837747761831398
2021-04-01T00:00,-8.763635085764849E8,9.859464537241395E8,1.2174989201984601E7,-13.068426866615102,-8.304466922154608,0.38358436564492554
2021-04-01T00:00,-8.774926206577605E8,9.852289477820653E8,1.2208130891176322E7,-13.056451773541005,-8.322141840516402,0.38339452933077894
2021-04-01T00:00,-8.786206980909945E8,9.845099147270447E8,1.2241256178510502E7,-13.044458842391412,-8.339760876892052,0.38320527557391887
2021-04-01T00:00,-8.797477393349771E8,9.837893593872812E8,1.2274365114320088E7,-13.032448762014706,-8.357324335827991,0.38301661214400284
2021-04-01T00:00,-8.808737429080153E8,9.830672865646657E8,1.230745774960933E7,-13.020422211385757,-8.374832528947811,0.3828285462570708
2021-04-01T00:00,-8.81998707387079E8,9.823437010341645E8,1.2340534136005942E7,-13.008379859652333,-8.3922857747747,0.38264108458513135
2021-04-01T00:00,-8.83122631406953E8,9.81618607543224E8,1.2373594325714096E7,-12.996322366179838,-8.409684398559593,0.38245423326539063
2021-04-01T00:00,-8.842455136593909E8,9.808920108111885E8,1.2406638371468225E7,-12.984250380594188,-8.427028732114756,0.3822679979091259
2021-04-01T00:00,-8.853673528922743E8,9.801639155287337E8,1.2439666326487575E7,-12.972164542822632,-8.444319113652542,0.38208238361020624
2021-04-01T00:00,-8.864881479087741E8,9.794343263573141E8,1.2472678244431496E7,-12.960065483132325,-8.461555887628988,0.38189739495326264
2021-04-01T00:00,-8.876078975665168E8,9.78703247928623E8,1.2505674179355457E7,-12.947953822166479,-8.478739404591995,0.38171303602151185
2021-04-01T00:00,-8.88726600776752E8,9.779706848440663E8,1.2538654185667716E7,-12.935830170977923,-8.495870021033774,0.3815293104042378
2021-04-01T00:00,-8.898442565035245E8,9.772366416742489E8,1.2571618318086643E7,-12.923695131059894,-8.512948099247264,0.381346221203936
2021-04-01T00:00,-8.909608637628481E8,9.765011229584739E8,1.2604566631598663E7,-12.91154929437391,-8.529974007186208,0.3811637710431267
2021-04-01T00:00,-8.920764216218821E8,9.757641332042531E8,1.263749918141679E7,-12.89939324337457,-8.54694811832858,0.38098196207084367
2021-04-01T00:00,-8.931909291981096E8,9.750256768868295E8,1.267041602293971E7,-12.887227551031133,-8.56387081154304,0.38080079596880695
2021-04-01T00:00,-8.943043856585187E8,9.742857584487122E8,1.2703317211711414E7,-12.875052780845724,-8.5807424709581,0.38062027395728765
2021-04-01T00:00,-8.954167902187837E8,9.735443822992214E8,1.2736202803381324E7,-12.862869486868055,-8.597563485833637,0.38044039680067565
2021-04-01T00:00,-8.965281421424491E8,9.728015528140454E8,1.2769072853664903E7,-12.850678213706507,-8.614334250434444,0.3802611648127608
2021-04-01T00:00,-8.976384407401134E8,9.720572743348079E8,1.2801927418304725E7,-12.838479496535454,-8.631055163905437,0.38008257786174077
2021-04-01T00:00,-8.987476853686141E8,9.713115511686465E8,1.283476655303198E7,-12.826273861098727,-8.647726630148156,0.37990463537496966
2021-04-01T00:00,-8.99855875430213E8,9.705643875878017E8,1.2867590313528376E7,-12.814061823709087,-8.664349057698193,0.3797273363434629
2021-04-01T00:00,-9.009630103717815E8,9.698157878292166E8,1.2900398755388452E7,-12.801843891243612,-8.68092285960312,0.37955067932617625
2021-04-01T00:00,-9.020690896839849E8,9.690657560941468E8,1.2933191934082234E7,-12.789620561134903,-8.697448453300545,0.37937466245407886
2021-04-01T00:00,-9.031741129004669E8,9.683142965477817E8,1.2965969904918266E7,-12.777392321358015,-8.713926260495827,0.37919928343404175
2021-04-01T00:00,-9.042780795970323E8,9.675614133188748E8,1.2998732723006967E7,-12.765159650413047,-8.730356707039029,0.3790245395525665
2021-04-01T00:00,-9.05380989390828E8,9.668071104993867E8,1.3031480443224309E7,-12.752923017303305,-8.746740222800623,0.37885042767938115
2021-04-01T00:00,-9.06482841939523E8,9.660513921441367E8,1.3064213120175807E7,-12.740682881509002,-8.76307724154546,0.3786769442709335
2021-04-01T00:00,-9.075836369404854E8,9.652942622704672E8,1.3096930808160815E7,-12.728439692956448,-8.77936820080447,0.37850408537381547
2021-04-01T00:00,-9.086833741299568E8,9.645357248579177E8,1.3129633561137114E7,-12.716193891982693,-8.795613541743569,0.37833184662815555
2021-04-01T00:00,-9.097820532822242E8,9.63775783847911E8,1.3162321432685787E7,-12.703945909295639,-8.811813709029163,0.3781602232710215
2021-04-01T00:00,-9.108796742087873E8,9.630144431434509E8,1.3194994475976404E7,-12.691696165929617,-8.827969150689674,0.3779892101398788
2021-04-01T00:00,-9.119762367575237E8,9.622517066088313E8,1.322765274373249E7,-12.679445073196483,-8.844080317972391,0.3778188016761565
2021-04-01T00:00,-9.130717408118478E8,9.614875780693585E8,1.3260296288197309E7,-12.667193032632287,-8.860147665195022,0.37764899192897744
2021-04-01T00:00,-9.141661862898673E8,9.607220613110856E8,1.3292925161099972E7,-12.654940435939633,-8.876171649591162,0.3774797745591163
2021-04-01T00:00,-9.152595731435325E8,9.599551600805609E8,1.332553941362188E7,-12.642687664925841,-8.892152731148949,0.3773111428432558
2021-04-01T00:00,-9.163519013577821E8,9.591868780845896E8,1.3358139096363537E7,-12.630435091437132,-8.908091372442067,0.3771430896786189
2021-04-01T00:00,-9.174431709496822E8,9.584172189900106E8,1.339072425931177E7,-12.618183077289027,-8.923988038452244,0.37697560758806464
2021-04-01T00:00,-9.1853338196756E8,9.576461864234884E8,1.3423294951807378E7,-12.605931974193274,-8.939843196382315,0.37680868872574275
2021-04-01T00:00,-9.196225344901303E8,9.56873783971321E8,1.3455851222513283E7,-12.59368212368165,-8.955657315458884,0.37664232488341465
2021-04-01T00:00,-9.207106286256164E8,9.561000151792654E8,1.348839311938321E7,-12.581433857027056,-8.971430866723558,0.3764765074975589
2021-04-01T00:00,-9.217976645108635E8,9.553248835523804E8,1.3520920689631E7,-12.56918749516245,-8.98716432281164,0.37631122765739183
2021-04-01T00:00,-9.228836423104455E8,9.545483925548896E8,1.3553433979700599E7,-12.55694334859818,-9.002858157717169,0.37614647611394886
2021-04-01T00:00,-9.239685622157644E8,9.537705456100628E8,1.3585933035236845E7,-12.544701717338507,-9.018512846543047,0.3759822432903861
2021-04-01T00:00,-9.250524244441425E8,9.529913461001215E8,1.3618417901057133E7,-12.532462890798106,-9.034128865235024,0.37581851929368026
2021-04-01T00:00,-9.261352292379074E8,9.522107973661652E8,1.3650888621124107E7,-12.520227147719591,-9.049706690298164,0.3756552939279211
2021-04-01T00:00,-9.272169768634704E8,9.514289027081234E8,1.368334523851948E7,-12.507994756093197,-9.065246798494416,0.3754925567094122
2021-04-01T00:00,-9.282976676103969E8,9.506456653847336E8,1.3715787795419173E7,-12.495765973079967,-9.08074966651983,0.37533029688381686
2021-04-01T00:00,-9.29377301790471E8,9.498610886135463E8,1.3748216333069935E7,-12.483541044940026,-9.09621577065993,0.37516850344560865
2021-04-01T00:00,-9.304558797367538E8,9.490751755709612E8,1.3780630891767636E7,-12.471320206967693,-9.111645586421666,0.375007165160112
2021-04-01T00:00,-9.315334018026358E8,9.482879293922944E8,1.381303151083747E7,-12.45910368343553,-9.127039588140411,0.37484627058844444
2021-04-01T00:00,-9.326098683608847E8,9.47499353171879E8,1.384541822861631E7,-12.446891687549643,-9.142398248560374,0.37468580811570074
2021-04-01T00:00,-9.33685279802689E8,9.467094499632034E8,1.3877791082437506E7,-12.434684421418966,-9.15772203838687,0.3745257659827495
2021-04-01T00:00,-9.347596365366995E8,9.459182227790868E8,1.3910150108618416E7,-12.422482076041545,-9.17301142580887,0.3743661323220439
2021-04-01T00:00,-9.358329389880695E8,9.451256745918969E8,1.394249534245104E7,-12.410284831311305,-9.188266875990344,0.374206895197881
2021-04-01T00:00,-9.369051875974948E8,9.443318083338113E8,1.3974826818196137E7,-12.39809285604923,-9.203488850528986,0.37404804265157765
2021-04-01T00:00,-9.379763828202575E8,9.435366268971256E8,1.4007144569081232E7,-12.385906308063353,-9.218677806881066,0.3738895627520652
2021-04-01T00:00,-9.390465251252742E8,9.427401331346111E8,1.403944862730301E7,-12.373725334242529,-9.233834197751367,0.37373144365243666
2021-04-01T00:00,-9.401156149941528E8,9.419423298599254E8,1.407173902403458E7,-12.361550070689539,-9.248958470447402,0.3735736736530145
2021-04-01T00:00,-9.411836529202603E8,9.411432198480787E8,1.4104015789438201E7,-12.349380642899721,-9.264051066197515,0.3734162412715342
2021-04-01T00:00,-9.422506394078069E8,9.403428058359593E8,1.4136278952684062E7,-12.337217165991984,-9.279112419432867,0.3732591353210653
2021-04-01T00:00,-9.433165749709486E8,9.395410905229204E8,1.4168528541975802E7,-12.325059744999814,-9.294142957033912,0.37310234499631073
2021-04-01T00:00,-9.443814601329166E8,9.387380765714326E8,1.4200764584583484E7,-12.312908475230609,-9.309143097542684,0.3729458599689372
2021-04-01T00:00,-9.454452954251765E8,9.379337666078049E8,1.42329871068848E7,-12.300763442702454,-9.324113250343023,0.3727896704925887
2021-04-01T00:00,-9.46508081386626E8,9.371281632229753E8,1.426519613441536E7,-12.288624724668272,-9.339053814811994,0.3726337675182228
2021-04-01T00:00,-9.475698185628374E8,9.363212689733754E8,1.4297391691928934E7,-12.276492390237987,-9.35396517944692,0.3724781428203771
2021-04-01T00:00,-9.486305075053539E8,9.355130863818712E8,1.4329573803468615E7,-12.264366501110132,-9.36884772097401,0.3723227891349192
2021-04-01T00:00,-9.496901487710499E8,9.347036179387791E8,1.4361742492449872E7,-12.252247112424953,-9.383701803446227,0.3721677003087507
2021-04-01T00:00,-9.507487429215634E8,9.338928661029614E8,1.4393897781756548E7,-12.240134273751611,-9.398527777340155,0.3720128714618202
2021-04-01T00:00,-9.518062905228156E8,9.330808333029993E8,1.4426039693850849E7,-12.228028030222442,-9.413325978663874,0.37185829916164187
2021-04-01T00:00,-9.528627921446269E8,9.322675219384427E8,1.4458168250898415E7,-12.21592842382738,-9.428096728090592,0.37170398161031054
2021-04-01T00:00,-9.539182483604455E8,9.314529343811357E8,1.4490283474909546E7,-12.203835494881444,-9.44284033013572,0.37154991884374255
2021-04-01T00:00,-9.549726597472032E8,9.30637072976612E8,1.4522385387897646E7,-12.1917492836776,-9.457557072398481,0.3713961129425413
2021-04-01T00:00,-9.56026026885313E8,9.298199400455568E8,1.4554474012055881E7,-12.1796698323362,-9.472247224892765,0.37124256825348606
2021-04-01T00:00,-9.570783503588269E8,9.29001537885326E8,1.4586549369952982E7,-12.167597186860437,-9.486911039495947,0.37108929162015597
2021-04-01T00:00,-9.581296307557716E8,9.281818687715136E8,1.4618611484748963E7,-12.15553139940472,-9.501548749548556,0.3709362926206272
2021-04-01T00:00,-9.591798686686802E8,9.273609349595525E8,1.4650660380431386E7,-12.143472530759452,-9.516160569642047,0.37078358380950843
2021-04-01T00:00,-9.602290646953378E8,9.265387386863354E8,1.4682696082072528E7,-12.131420653051132,-9.530746695636273,0.3706311809608097
2021-04-01T00:00,-9.612772194397614E8,9.257152821718324E8,1.4714718616107542E7,-12.119375852651004,-9.545307304952447,0.3704791033072718
2021-04-01T00:00,-9.623243335134305E8,9.248905676206845E8,1.474672801063329E7,-12.107338233278343,-9.559842557191148,0.3703273737708216
2021-04-01T00:00,-9.633704075367857E8,9.240645972237432E8,1.4778724295727089E7,-12.09530791927593,-9.574352595128047,0.37017601917778187
2021-04-01T00:00,-9.644154421410111E8,9.232373731595241E8,1.481070750378405E7,-12.083285059025156,-9.588837546142019,0.37002507045137184
2021-04-01T00:00,-9.654594379701109E8,9.224088975955374E8,1.4842677669871047E7,-12.071269828456565,-9.603297524130888,0.3698745627729217
2021-04-01T00:00,-9.665023956832895E8,9.215791726894525E8,1.4874634832094628E7,-12.059262434598589,-9.617732631968659,0.36972453570214103
2021-04-01T00:00,-9.675443159576389E8,9.207482005900505E8,1.4906579031979293E7,-12.0472631190929,-9.63214296455415,0.3695750332457851
2021-04-01T00:00,-9.685851994911284E8,9.19915983437913E8,1.493851031485173E7,-12.035272161589633,-9.646528612494095,0.36942610386323593
2021-04-01T00:00,-9.696250470058898E8,9.190825233657935E8,1.4970428730225513E7,-12.023289882920206,-9.660889666453254,0.36927780039694724
2021-04-01T00:00,-9.706638592517741E8,9.182478224986119E8,1.5002334332179809E7,-12.011316647930345,-9.675226222189597,0.3691301799154989
2021-04-01T00:00,-9.717016370101552E8,9.174118829530147E8,1.5034227179724509E7,-11.999352867842076,-9.6895383862737,0.36898330345728475
2021-04-01T00:00,-9.727383810979367E8,9.165747068364407E8,1.5066107337143218E7,-11.987399002002157,-9.703826282468103,0.36883723566373106
2021-04-01T00:00,-9.737740923717097E8,9.157362962456354E8,1.5097974874304565E7,-11.975455558866809,-9.718090058714479,0.36869204429252694
2021-04-01T00:00,-9.748087717319958E8,9.148966532645625E8,1.5129829866931438E7,-11.963523096070308,-9.73232989464467,0.36854779960373246
2021-04-01T00:00,-9.758424201274962E8,9.140557799616652E8,1.5161672396817202E7,-11.951602219429297,-9.74654600949679,0.3684045736148766
2021-04-01T00:00,-9.768750385592549E8,9.132136783864447E8,1.5193502551977526E7,-11.939693580747077,-9.760738670281006,0.3682624392252791
2021-04-01T00:00,-9.779066280846314E8,9.123703505653324E8,1.522532042672659E7,-11.927797874303614,-9.774908200003292,0.3681214692147751
2021-04-01T00:00,-9.789371898209713E8,9.115257984968522E8,1.5257126121666748E7,-11.915915831948398,-9.789054985721604,0.36798173512766075
2021-04-01T00:00,-9.799667249488516E8,9.106800241460859E8,1.5288919743581777E7,-11.904048216754486,-9.80317948618033,0.3678433060587998
2021-04-01T00:00,-9.809952347147791E8,9.098330294384799E8,1.5320701405225258E7,-11.89219581524256,-9.81728223874843,0.36770624736512886
2021-04-01T00:00,-9.820227204332161E8,9.08984816253052E8,1.5352471224997606E7,-11.88035942824181,-9.831363865377186,0.36757061933189683
2021-04-01T00:00,-9.830491834878162E8,9.081353864150834E8,1.5384229326507881E7,-11.868539860517538,-9.845425077297577,0.3674364758284252
2021-04-01T00:00,-9.840746253317649E8,9.072847416884049E8,1.5415975838019457E7,-11.85673790936004,-9.85946667819675,0.3673038629925165
2021-04-01T00:00,-9.850990474871336E8,9.064328837674087E8,1.544771089178201E7,-11.844954352391404,-9.873489565648843,0.36717281798541196
2021-04-01T00:00,-9.861224515431802E8,9.055798142689366E8,1.547943462325595E7,-11.833189934901847,-9.887494730627163,0.3670433678600139
2021-04-01T00:00,-9.871448391535558E8,9.047255347242105E8,1.5511147170239056E7,-11.821445357070553,-9.901483254990698,0.3669155285836684
2021-04-01T00:00,-9.881662120324067E8,9.038700465709794E8,1.5542848671908684E7,-11.809721261453415,-9.915456306915052,0.3667893042530285
2021-04-01T00:00,-9.891865719493963E8,9.030133511460619E8,1.5574539267796146E7,-11.79801822112866,-9.929415134321657,0.3666646865324527
2021-04-01T00:00,-9.902059207237017E8,9.021554496784565E8,1.560621909671255E7,-11.786336728879004,-9.943361056444258,0.36654165433930963
2021-04-01T00:00,-9.912242602170769E8,9.012963432831798E8,1.5637888295647467E7,-11.774677187755806,-9.95729545375246,0.3664201737899136
2021-04-01T00:00,-9.92241592326099E8,9.004360329559755E8,1.5669546998662915E7,-11.763039903317988,-9.971219756522688,0.3663001984092136
2021-04-01T00:00,-9.932579189737457E8,8.995745195690119E8,1.5701195335805472E7,-11.751425077769804,-9.985135432402604,0.3661816695965115
2021-04-01T00:00,-9.94273242100465E8,8.987118038676523E8,1.573283343205861E7,-11.739832806141298,-9.99904397335172,0.36606451732912304
2021-04-01T00:00,-9.952875636549157E8,8.978478864683547E8,1.5764461406355847E7,-11.728263074569156,-10.012946882356701,0.3659486610767084
2021-04-01T00:00,-9.963008855845585E8,8.969827678577191E8,1.5796079370672874E7,-11.716715760649539,-10.026845660314201,0.3658340108915612
2021-04-01T00:00,-9.973132098262786E8,8.961164483926679E8,1.5827687429213906E7,-11.705190635753894,-10.040741793448289,0.36572046863486174
2021-04-01T00:00,-9.983245382972077E8,8.95248928301714E8,1.5859285677703958E7,-11.693687369128794,-10.054636741586602,0.36560792929598923
2021-04-01T00:00,-9.993348728859005E8,8.943802076872408E8,1.5890874202795131E7,-11.682205533544963,-10.068531927563235,0.36549628236145126
2021-04-01T00:00,-1.0003442154439988E9,8.935102865286994E8,1.5922453081591161E7,-11.670744612221299,-10.08242872795173,0.3653854131916592
2021-04-01T00:00,-1.0013525677784947E9,8.926391646866044E8,1.595402238129092E7,-11.659304006727503,-10.09632846526327,0.36527520436732236
2021-04-01T00:00,-1.002359931644676E9,8.917668419072056E8,1.5985582158948258E7,-11.647883045563354,-10.110232401677832,0.36516553697222914
2021-04-01T00:00,-1.0033663087398126E9,8.908933178277006E8,1.6017132461342659E7,-11.636480993121944,-10.124141734313417,0.3650562917851471
2021-04-01T00:00,-1.0043717006976184E9,8.90018591981856E8,1.6048673324952895E7,-11.625097058765732,-10.138057591983745,0.3649473503600311
2021-04-01T00:00,-1.0053761090834957E9,8.891426638059086E8,1.6080204776024E7,-11.613730405775097,-10.151981033349749,0.3648385959802332
2021-04-01T00:00,-1.0063795353905547E9,8.882655326446271E8,1.6111726830716694E7,-11.602380159965946,-10.165913046335914,0.36472991447859315
2021-04-01T00:00,-1.0073819810363758E9,8.873871977574236E8,1.6143239495327644E7,-11.591045417812872,-10.179854548659113,0.3646211949208703
2021-04-01T00:00,-1.0083834473604748E9,8.865076583244195E8,1.6174742766568808E7,-11.579725253954724,-10.193806389304282,0.36451233015476214
2021-04-01T00:00,-1.0093839356224165E9,8.856269134523836E8,1.6206236631894179E7,-11.568418727998052,-10.207769350777099,0.3644032172306401
2021-04-01T00:00,-1.0103834470005156E9,8.847449621804765E8,1.6237721069862906E7,-11.557124890569069,-10.221744151967133,0.36429375770309563
2021-04-01T00:00,-1.0113819825910608E9,8.838618034857466E8,1.6269196050528454E7,-11.545842788595557,-10.235731451464106,0.3641838578244584
2021-04-01T00:00,-1.0123795434079955E9,8.829774362883401E8,1.6300661535844486E7,-11.534571469825892,-10.249731851183393,0.3640734286427125
2021-04-01T00:00,-1.0133761303829885E9,8.820918594563979E8,1.6332117480079217E7,-11.523309986612865,-10.263745900173078,0.3639623860167967
2021-04-01T00:00,-1.0143717443658319E9,8.812050718106229E8,1.6363563830231069E7,-11.512057399005592,-10.277774098492538,0.3638506505622613
2021-04-01T00:00,-1.015366386125106E9,8.803170721285132E8,1.6395000526439648E7,-11.500812777203656,-10.291816901070462,0.36373814753978984
2021-04-01T00:00,-1.0163600563490564E9,8.794278591482607E8,1.6426427502387086E7,-11.489575203434573,-10.30587472146772,0.36362480669829617
2021-04-01T00:00,-1.0173527556466331E9,8.78537431572326E8,1.6457844685685819E7,-11.478343773319049,-10.319947935486827,0.3635105620832905
2021-04-01T00:00,-1.0183444845486479E9,8.776457880706999E8,1.6489251998249816E7,-11.467117596789215,-10.334036884584545,0.36339535182005755
2021-04-01T00:00,-1.0193352435090104E9,8.767529272838718E8,1.6520649356647069E7,-11.45589579862345,-10.348141879057257,0.36327911787998396
2021-04-01T00:00,-1.0203250329060115E9,8.758588478255212E8,1.65520366724319E7,-11.444677518658313,-10.362263200979932,0.36316180583717306
2021-04-01T00:00,-1.0213138530436236E9,8.749635482849566E8,1.658341385245623E7,-11.433461911733884,-10.376401106888881,0.3630433646213285
2021-04-01T00:00,-1.0223017041527973E9,8.740670272293214E8,1.6614780799159514E7,-11.422248147423836,-10.39055583020616,0.36292374627181473
2021-04-01T00:00,-1.0232885863927348E9,8.731692832055916E8,1.6646137410837399E7,-11.411035409596334,-10.404727583409526,0.362802905696822
2021-04-01T00:00,-1.0242744998521239E9,8.72270314742385E8,1.6677483581889605E7,-11.399822895846421,-10.418916559956472,0.36268080044069356
2021-04-01T00:00,-1.025259444550325E9,8.713701203516048E8,1.6708819203047682E7,-11.388609816835332,-10.433122935974312,0.3625573904617097
2021-04-01T00:00,-1.0262434204384996E9,8.704686985299367E8,1.6740144161583573E7,-11.377395395567113,-10.447346871730637,0.3624326379219714
2021-04-01T00:00,-1.0272264274006766E9,8.695660477602191E8,1.677145834150003E7,-11.36617886662828,-10.46158851289996,0.36230650699047484
2021-04-01T00:00,-1.0282084652547532E9,8.686621665127045E8,1.680276162370401E7,-11.354959475411972,-10.475847991643185,0.3621789636600119
2021-04-01T00:00,-1.0291895337534288E9,8.677570532462265E8,1.6834053886164233E7,-11.34373647734421,-10.490125427516801,0.3620499755781599
2021-04-01T00:00,-1.0301696325850713E9,8.668507064092891E8,1.6865335004054185E7,-11.332509137126479,-10.504420928228464,0.3619195118923273
2021-04-01T00:00,-1.0311487613745191E9,8.659431244410902E8,1.6896604849881683E7,-11.321276728005872,-10.518734590255205,0.36178754310859096
2021-04-01T00:00,-1.0321269196838188E9,8.650343057724922E8,1.6927863293606266E7,-11.31003853108146,-10.5330664993397,0.3616540409638842
2021-04-01T00:00,-1.0331041070129043E9,8.641242488269492E8,1.6959110202745546E7,-11.29879383465336,-10.547416730879217,0.3615189783109669
2021-04-01T00:00,-1.0340803228002183E9,8.632129520214013E8,1.6990345442471612E7,-11.287541933619083,-10.561785350220807,0.36138232901551837
2021-04-01T00:00,-1.035055566423283E9,8.623004137671422E8,1.702156887569855E7,-11.276282128920245,-10.576172412875325,0.3612440678646359
2021-04-01T00:00,-1.0360298371992217E9,8.613866324706697E8,1.7052780363162056E7,-11.26501372704136,-10.590577964661799,0.36110417048599
2021-04-01T00:00,-1.037003134385238E9,8.60471606534523E8,1.7083979763492044E7,-11.253736039561451,-10.605002041792638,0.36096261327687396
2021-04-01T00:00,-1.0379754571790562E9,8.595553343581121E8,1.7115166933279164E7,-11.242448382758315,-10.619444670909159,0.3608193733423915
2021-04-01T00:00,-1.0389468047193265E9,8.586378143385456E8,1.7146341727135945E7,-11.231150077264644,-10.633905869075999,0.36067442844203934
2021-04-01T00:00,-1.0399171760860021E9,8.577190448714573E8,1.7177503997753337E7,-11.219840447774628,-10.648385643742042,0.36052775694396855
2021-04-01T00:00,-1.0408865703006898E9,8.56799024351838E8,1.7208653595953297E7,-11.208518822799315,-10.662883992674685,0.36037933778623793
2021-04-01T00:00,-1.0418549863269796E9,8.558777511748708E8,1.723979037073803E7,-11.197184534468665,-10.6774009038735,0.360229150444409
2021-04-01T00:00,-1.0428224230707577E9,8.549552237367762E8,1.7270914169336427E7,-11.185836918378039,-10.69193635546864,0.36007717490486846
2021-04-01T00:00,-1.0437888793805056E9,8.540314404356637E8,1.7302024837248206E7,-11.174475313476714,-10.706490315608688,0.3599233916433046
2021-04-01T00:00,-1.0447543540475899E9,8.531063996723951E8,1.7333122218286186E7,-11.16309906199594,-10.721062742342085,0.35976778160780193
2021-04-01T00:00,-1.0457188458065463E9,8.521800998514568E8,1.73642061546171E7,-11.151707509413983,-10.735653583495735,0.3596103262060574
2021-04-01T00:00,-1.0466823533353597E9,8.512525393818427E8,1.7395276486801304E7,-11.140300004455648,-10.750262776553932,0.3594510072962593
2021-04-01T00:00,-1.0476448752557447E9,8.503237166779485E8,1.74263330538317E7,-11.128875899123733,-10.764890248540302,0.35928980718120596
2021-04-01T00:00,-1.0486064101334289E9,8.493936301604745E8,1.7457375693172157E7,-11.117434548759961,-10.779535915905123,0.35912670860527457
2021-04-01T00:00,-1.0495669564784418E9,8.484622782573403E8,1.7488404240795653E7,-11.10597531213299,-10.794199684419988,0.3589616947538845
2021-04-01T00:00,-1.0505265127454101E9,8.475296594046065E8,1.751941853122239E7,-11.094497551551134,-10.80888144908154,0.35879474925512833
2021-04-01T00:00,-1.0514850773338641E9,8.465957720474058E8,1.755041839755803E7,-11.08300063299757,-10.823581094025707,0.35862585618327275
2021-04-01T00:00,-1.0524426485885551E9,8.45660614640882E8,1.7581403671532266E7,-11.071483926285847,-10.838298492453628,0.35845500006385733
2021-04-01T00:00,-1.0533992247997862E9,8.44724185651134E8,1.7612374183537785E7,-11.059946805233624,-10.853033506570267,0.3582821658801437
2021-04-01T00:00,-1.0543548042037584E9,8.437864835561663E8,1.7643329762669828E7,-11.04838864785264,-10.867785987536518,0.3581073390806899
2021-04-01T00:00,-1.0553093849829328E9,8.428475068468431E8,1.7674270236766398E7,-11.036808836553037,-10.882555775435454,0.3579305055878452
2021-04-01T00:00,-1.056262965266411E9,8.419072540278455E8,1.7705195432449188E7,-11.025206758360207,-10.897342699253187,0.3577516518069794
2021-04-01T00:00,-1.0572155431303333E9,8.4096572361863E8,1.773610517516531E7,-11.013581805142463,-10.912146576874733,0.35757076463627807
2021-04-01T00:00,-1.0581671165982976E9,8.400229141543881E8,1.7766999289229885E7,-11.001933373847892,-10.926967215095122,0.35738783147695175
2021-04-01T00:00,-1.059117683641798E9,8.390788241870039E8,1.7797877597869493E7,-10.990260866748848,-10.941804409645899,0.35720284024371945
2021-04-01T00:00,-1.0600672421806852E9,8.381334522860105E8,1.782873992326655E7,-10.9785636916926,-10.956657945237076,0.35701577937544277
2021-04-01T00:00,-1.0610157900836474E9,8.371867970395421E8,1.7859586086604588E7,-10.966841262356768,-10.971527595614525,0.3568266378457969
2021-04-01T00:00,-1.061963325168715E9,8.36238857055281E8,1.7890415908114463E7,-10.955092998508212,-10.986413123632698,0.35663540517387726
2021-04-01T00:00,-1.0629098452037861E9,8.352896309613992E8,1.7921229207121488E7,-10.94331832626413,-11.001314281342532,0.3564420714346495
2021-04-01T00:00,-1.0638553479071753E9,8.343391174074912E8,1.7952025802093443E7,-10.931516678354203,-11.016230810094319,0.3562466272691607
2021-04-01T00:00,-1.0647998309481851E9,8.333873150654991E8,1.7982805510689497E7,-10.919687494382654,-11.031162440655267,0.35604906389443763
2021-04-01T00:00,-1.0657432919476998E9,8.324342226306264E8,1.8013568149809975E7,-10.907830221089187,-11.046108893341462,0.35584937311300646
2021-04-01T00:00,-1.0666857284788018E9,8.314798388222418E8,1.8044313535646938E7,-10.895944312607831,-11.061069878163842,0.3556475473219736
2021-04-01T00:00,-1.0676271380674112E9,8.305241623847685E8,1.8075041483735558E7,-10.884029230722732,-11.07604509498783,0.3554435795216168
2021-04-01T00:00,-1.0685675181929456E9,8.295671920885615E8,1.8105751809006225E7,-10.872084445120034,-11.09103423370618,0.35523746332343875
2021-04-01T00:00,-1.069506866289004E9,8.286089267307693E8,1.813644432583737E7,-10.860109433635058,-11.106036974424587,0.3550291929576433
2021-04-01T00:00,-1.07044517974407E9,8.27649365136179E8,1.816711884810891E7,-10.848103682493962,-11.121052987659587,0.3548187632799982
2021-04-01T00:00,-1.0713824559022375E9,8.266885061580452E8,1.8197775189256303E7,-10.836066686549215,-11.13608193454824,0.3546061697780537
2021-04-01T00:00,-1.0723186920639554E9,8.257263486789002E8,1.8228413162325125E7,-10.823997949508202,-11.151123467069084,0.35439140857669066
2021-04-01T00:00,-1.0732538854867929E9,8.247628916113455E8,1.825903258002615E7,-10.811896984154336,-11.166177228273794,0.3541744764429756
2021-04-01T00:00,-1.0741880333862238E9,8.237981338988227E8,1.8289633254790824E7,-10.79976331256012,-11.181242852529017,0.353955370790305
2021-04-01T00:00,-1.075121132936429E9,8.228320745163642E8,1.8320214998827107E7,-10.787596466291632,-11.196319965767803,0.3537340896818232
2021-04-01T00:00,-1.0760531812711167E9,8.218647124713218E8,1.8350777624175616E7,-10.775395986603943,-11.211408185750026,0.35351063183310333
2021-04-01T00:00,-1.0769841754843593E9,8.20896046804073E8,1.8381320942765996E7,-10.763161424627043,-11.226507122331244,0.3532849966140824
2021-04-01T00:00,-1.077914112631447E9,8.199260765887035E8,1.8411844766473453E7,-10.750892341541872,-11.241616377739366,0.35305718405024544
2021-04-01T00:00,-1.0788429897297564E9,8.189548009336668E8,1.8442348907175396E7,-10.738588308746097,-11.256735546858524,0.3528271948230561
2021-04-01T00:00,-1.079770803759632E9,8.179822189824183E8,1.8472833176808108E7,-10.726248908009328,-11.271864217519555,0.35259503026963374
2021-04-01T00:00,-1.0806975516652842E9,8.170083299140246E8,1.8503297387423404E7,-10.713873731617493,-11.287001970796462,0.3523606923816796
2021-04-01T00:00,-1.081623230355696E9,8.160331329437478E8,1.853374135124518E7,-10.701462382506135,-11.302148381308243,0.3521241838036567
2021-04-01T00:00,-1.0825478367055445E9,8.150566273236027E8,1.8564164880725816E7,-10.689014474382416,-11.317303017525475,0.35188550783022987
2021-04-01T00:00,-1.0834713675561311E9,8.140788123428885E8,1.859456778860235E7,-10.676529631835695,-11.33246544208105,0.35164466840297615
