Name=titan
Mass=1.34553E23
Radius=2575500.0
Image_Path=/src/main/java/misc/titanScaled.png
Icon_Path=/src/main/java/misc/titanIcon.png
Start_Time=2021-04-01T00:00
End_Time=2021-04-01T00:00
No_of_Steps=367
$SOE
2021-04-01T00:00,6.33287311852789E11,-1.357175556995868E12,-2.13463704145366E9,3056.877965721629,6125.612956428791,-952.3587380845593
2021-04-01T00:00,6.335514261090273E11,-1.3566463040364324E12,-2.2169208364241657E9,2287.2434751062674,4319.402281984721,57.47283027629851
2021-04-01T00:00,6.337490439452765E11,-1.3562731076792688E12,-2.2119551838882937E9,2318.3854318743556,2657.6687704025617,913.1171996809685
2021-04-01T00:00,6.339493524465905E11,-1.356043485097506E12,-2.133061857835858E9,2917.391617660082,1317.4765129448936,1546.489668532381
2021-04-01T00:00,6.342014150823563E11,-1.3559296551267876E12,-1.9994451504746604E9,3804.1879123831222,405.8804867087588,1930.2874715797263
2021-04-01T00:00,6.345300969179862E11,-1.3558945870527358E12,-1.832668312930172E9,4728.795770389485,-107.41708717592178,2105.012255653375
2021-04-01T00:00,6.349386648725479E11,-1.3559038678890679E12,-1.6507952540417204E9,5550.266527914922,-331.5660174975725,2140.9574414027747
2021-04-01T00:00,6.354182079005597E11,-1.3559325151929797E12,-1.4658165311045206E9,6225.233594149754,-377.08714926294465,2099.4092257870143
2021-04-01T00:00,6.359560680830942E11,-1.355965095522676E12,-1.2844275739965224E9,6761.128287236527,-323.545418150079,2020.6404588284913
2021-04-01T00:00,6.365402295671115E11,-1.3559930498468042E12,-1.1098442383537407E9,7182.049306480686,-219.893998641581,1927.4856239797316
2021-04-01T00:00,6.371607586271914E11,-1.3560120486882869E12,-9.433094804418919E8,7513.09548804905,-93.96458015746148,1831.7923404637277
2021-04-01T00:00,6.378098900773589E11,-1.3560201672280125E12,-7.850426222258258E8,7775.310190688768,39.112871179908296,1739.2646990851385
2021-04-01T00:00,6.384816768778344E11,-1.3560167878759426E12,-6.347701522248698E8,7984.9940327714585,171.40577556786815,1652.3689502495076
2021-04-01T00:00,6.391715803622657E11,-1.3560019784169336E12,-4.920054749233124E8,8154.394556124697,298.9542710220042,1571.9270407049844
2021-04-01T00:00,6.398761200519149E11,-1.3559761487679172E12,-3.561909786064018E8,8292.632417231993,419.96223948549186,1497.9568684981696
2021-04-01T00:00,6.405926034927638E11,-1.3559398640304258E12,-2.2676750516815996E8,8406.510374352418,533.7978742855598,1430.1069180952545
2021-04-01T00:00,6.413189259891078E11,-1.3558937438940874E12,-1.0320626744472997E8,8501.136855185274,640.4433434512366,1367.877862168445
2021-04-01T00:00,6.420534242133958E11,-1.3558384095892131E12,1.4978379846623689E7,8580.383745479267,740.191660571485,1310.7332405378688
2021-04-01T00:00,6.427947693690051E11,-1.3557744570297397E12,1.2822573182909556E8,8647.216246605016,833.4799364282187,1258.152575484314
2021-04-01T00:00,6.435418888527118E11,-1.3557024443632324E12,2.369301143509403E8,8703.929469232762,920.7983204327361,1209.6547562217486
2021-04-01T00:00,6.442939083588535E11,-1.355622887388347E12,3.4144428528849936E8,8752.318583485116,1002.6412064465419,1164.8062521080844
2021-04-01T00:00,6.450501086844667E11,-1.3555362591881099E12,4.4208354547063786E8,8793.801978781326,1079.48212736461,1123.2217930632626
2021-04-01T00:00,6.458098931754333E11,-1.3554429919323057E12,5.391299083913038E8,8829.511167036308,1151.7619153901567,1084.5615227119067
2021-04-01T00:00,6.465727629402653E11,-1.355343479702816E12,6.328360239536126E8,8860.357029589994,1219.884229173015,1048.526709158913
2021-04-01T00:00,6.473382977876218E11,-1.3552380817054153E12,7.234287316249427E8,8887.079111626745,1284.2150887159996,1014.8550775274941
2021-04-01T00:00,6.481061414228663E11,-1.3551271255217502E12,8.111122103233181E8,8910.282662614809,1345.0845003326754,983.3162850327728
2021-04-01T00:00,6.488759898449163E11,-1.3550109102209214E12,8.960707373501496E8,8930.466736994138,1402.7890797771886,953.7077714829263
2021-04-01T00:00,6.496475821709926E11,-1.3548897092444287E12,9.784710888062744E8,8948.045711360624,1457.5950583160513,925.8510677719
2021-04-01T00:00,6.504206933204541E11,-1.3547637730313901E12,1.0584646210617666E9,8963.365907848374,1509.7413328416578,899.588568844649
2021-04-01T00:00,6.511951281348922E11,-1.3546333313802327E12,1.1361890734099443E9,8976.718546335294,1559.4423814152938,874.7807414907815
2021-04-01T00:00,6.519707166172955E11,-1.3544985955584783E12,1.211770129474748E9,8988.349918157488,1606.8909581646662,851.3037224684839
2021-04-01T00:00,6.527473100502244E11,-1.3543597601796929E12,1.285322771096025E9,8998.469438960727,1652.2605342249603,829.0472586626473
2021-04-01T00:00,6.535247778097506E11,-1.354217004869536E12,1.3569524542444777E9,9007.256069397421,1695.7074807684044,807.9129426651757
2021-04-01T00:00,6.543030047341466E11,-1.3540704957431975E12,1.426756132490749E9,9014.863469929978,1737.373005765306,787.8127013148949
2021-04-01T00:00,6.550818889379486E11,-1.3539203867154993E12,1.4948231498843558E9,9021.424166480261,1777.3848636839773,768.667499747116
2021-04-01T00:00,6.558613399859325E11,-1.3537668206632769E12,1.5612360218625066E9,9027.05293766878,1815.8588602766586,750.4062285574956
2021-04-01T00:00,6.566412773597471E11,-1.353609930457749E12,1.6260711200098743E9,9031.849585339369,1852.9001749446834,732.9647463891171
2021-04-01T00:00,6.574216291639204E11,-1.3534498398826338E12,1.689399274097894E9,9035.901213327516,1888.6045221356133,716.2850544452774
2021-04-01T00:00,6.58202331028752E11,-1.3532866644519214E12,1.751286302801966E9,9039.284111705736,1923.0591715091673,700.3145830749356
2021-04-01T00:00,6.589833251760033E11,-1.353120512139503E12,1.8117934827796404E9,9042.065322664748,1956.3438446301966,685.00557369563
2021-04-01T00:00,6.597645596198815E11,-1.352951484031327E12,1.870977964346943E9,9044.303948057901,1988.5315039385791,670.3145419597719
2021-04-01T00:00,6.605459874809937E11,-1.3527796749093867E12,1.928893140772267E9,9046.05224620652,2019.6890478328355,656.2018102937224
2021-04-01T00:00,6.613275663950659E11,-1.352605173775654E12,1.9855889771816447E9,9047.356555924764,2049.8779239476394,642.6310998040849
2021-04-01T00:00,6.621092580014978E11,-1.352428064323025E12,2.0411123042047176E9,9048.258078201972,2079.1546711288784,629.5691731069619
2021-04-01T00:00,6.628910274994545E11,-1.3522484253594395E12,2.0955070807611592E9,9048.79354007811,2107.571399216102,616.9855209419522
2021-04-01T00:00,6.636728432613173E11,-1.352066331190547E12,2.148814629770544E9,9048.995760589558,2135.176214522122,604.8520865253017
2021-04-01T00:00,6.644546764950322E11,-1.3518818519656123E12,2.20107385004633E9,9048.894134966073,2162.01359783877,593.1430225113753
2021-04-01T00:00,6.652365009482933E11,-1.351695053990759E12,2.252321407191313E9,9048.515050311418,2188.124740879639,581.8344761984041
2021-04-01T00:00,6.660182926486403E11,-1.351506000013147E12,2.302591905934855E9,9047.882243636865,2213.547846278261,570.9043992581621
2021-04-01T00:00,6.668000296744905E11,-1.3513147494792285E12,2.3519180460307603E9,9047.017111213338,2238.318395577513,560.3323788105943
2021-04-01T00:00,6.675816919528993E11,-1.3511213587698506E12,2.4003307635599957E9,9045.938976667965,2262.4693890584695,550.0994871205936
2021-04-01T00:00,6.683632610804834E11,-1.350925881414636E12,2.447859359247215E9,9044.665323999254,2286.031560751327,540.1881475793282
2021-04-01T00:00,6.691447201644769E11,-1.350728368287787E12,2.4945316151980686E9,9043.212000663785,2309.033571535887,530.582014958484
2021-04-01T00:00,6.699260536813342E11,-1.3505288677872063E12,2.5403739012904816E9,9041.593395050399,2331.5021828643594,521.265868202258
2021-04-01T00:00,6.707072473506666E11,-1.350327425998607E12,2.585411272303157E9,9039.822591969396,2353.462413316299,512.2255142569389
2021-04-01T00:00,6.714882880226128E11,-1.3501240868460964E12,2.6296675567349563E9,9037.911509215804,2374.9376799168376,503.4477016381334
2021-04-01T00:00,6.72269163577009E11,-1.3499188922305515E12,2.673165438156491E9,9035.871017794652,2395.9499259086792,494.9200426066638
2021-04-01T00:00,6.730498628329465E11,-1.3497118821569531E12,2.7159265298377066E9,9033.711048004414,2416.519736460103,486.6309429704878
2021-04-01T00:00,6.738303754674941E11,-1.349503094851723E12,2.7579714433103566E9,9031.440683247876,2436.6664436108726,478.5695386555056
2021-04-01T00:00,6.746106919425267E11,-1.3492925668709949E12,2.7993198514501925E9,9029.068243165993,2456.4082216014613,470.72563829601296
2021-04-01T00:00,6.753908034387363E11,-1.3490803332006484E12,2.839990546598968E9,9026.601357460495,2475.762173595039,463.08967118853263
2021-04-01T00:00,6.761707017960209E11,-1.3488664273488499E12,2.880001494189657E9,9024.047031577396,2494.7444106833395,455.6526400330121
2021-04-01T00:00,6.769503794595492E11,-1.3486508814317668E12,2.9193698822885094E9,9021.411705260029,2513.3701239643738,448.40607795483106
2021-04-01T00:00,6.777298294308837E11,-1.3484337262530564E12,2.9581121674238067E9,9018.701304841663,2531.6536503898833,441.3420093612767
2021-04-01T00:00,6.78509045223622E11,-1.3482149913776626E12,2.996244117032621E9,9015.92129003008,2549.6085330016726,434.45291423846584
2021-04-01T00:00,6.792880208230806E11,-1.3479947052004111E12,3.0337808488228245E9,9013.0766958362,2567.2475761069463,427.7316955402359
2021-04-01T00:00,6.800667506496008E11,-1.3477728950098354E12,3.070736867317501E9,9010.172170213245,2584.582895882244,421.17164936025705
2021-04-01T00:00,6.808452295251073E11,-1.347549587047631E12,3.1071260978222275E9,9007.212007899649,2601.625966842364,414.7664376133374
2021-04-01T00:00,6.816234526425898E11,-1.347324806564096E12,3.1429619180320196E9,9004.200180895985,2618.387664563829,408.51006298229464
2021-04-01T00:00,6.824014155382192E11,-1.3470985778698777E12,3.17825718747369E9,9001.140365952135,2634.8783050111574,402.39684591343433
2021-04-01T00:00,6.831791140658375E11,-1.3468709243843247E12,3.213024274960611E9,8998.035969394208,2651.107680777761,396.4214034671102
2021-04-01T00:00,6.839565443735931E11,-1.3466418686807056E12,3.247275084220169E9,8994.890149580502,2667.0850945210327,390.57862985047007
2021-04-01T00:00,6.847337028825168E11,-1.346411432528539E12,3.2810210778392496E9,8991.705837240826,2682.819389842653,384.8636784776832
2021-04-01T00:00,6.855105862668545E11,-1.3461796369332566E12,3.3142732996597214E9,8988.48575392329,2698.318979839793,379.2719454190145
2021-04-01T00:00,6.862871914359934E11,-1.3459465021733984E12,3.347042395743924E9,8985.232428746307,2713.5918735304235,373.7990541143246
2021-04-01T00:00,6.87063515517837E11,-1.3457120478355254E12,3.3793386340194016E9,8981.948213630634,2728.6457003358996,368.4408412391768
2021-04-01T00:00,6.878395558434948E11,-1.3454762928470164E12,3.4111719227024665E9,8978.635297166282,2743.487732786178,363.1933436229109
2021-04-01T00:00,6.886153099331699E11,-1.3452392555069036E12,3.442551827591486E9,8975.295717251603,2758.1249075971145,358.0527861279837
2021-04-01T00:00,6.893907754831405E11,-1.3450009535148872E12,3.473487588312944E9,8971.931372626563,2772.56384525508,353.0155704087254
2021-04-01T00:00,6.901659503537355E11,-1.3447614039986572E12,3.5039881335962577E9,8968.544033408716,2786.8108682314373,348.0782644755495
2021-04-01T00:00,6.90940832558222E11,-1.344520623539642E12,3.534062095646945E9,8965.135350728644,2800.872017938019,343.23759299769574
2021-04-01T00:00,6.91715420252525E11,-1.3442786281972922E12,3.563717823681946E9,8961.706865551145,2814.753070524565,338.4904282838856
2021-04-01T00:00,6.924897117257086E11,-1.344035433531999E12,3.5929633966856737E9,8958.260016759321,2828.459551609891,333.8337818859035
2021-04-01T00:00,6.932637053911566E11,-1.34379105462674E12,3.6218066354406157E9,8954.796148570591,2841.996750030333,329.2647967751749
2021-04-01T00:00,6.940373997783931E11,-1.3435455061075374E12,3.650255113881991E9,8951.316517346495,2855.3697306815907,324.78074004694685
2021-04-01T00:00,6.948107935254918E11,-1.3432988021628064E12,3.678316169822047E9,8947.822297851782,2868.583346523413,320.37899611075443
2021-04-01T00:00,6.955838853720262E11,-1.3430509565616667E12,3.7059969150860167E9,8944.314589012673,2881.6422498105303,316.0570603295271
2021-04-01T00:00,6.96356674152517E11,-1.3428019826712832E12,3.733304245098488E9,8940.79441921913,2894.550902607796,311.8125330729945
2021-04-01T00:00,6.971291587903375E11,-1.3425518934732979E12,3.7602448479559946E9,8937.262751211565,2907.313586642581,307.6431141540344
2021-04-01T00:00,6.979013382920422E11,-1.3423007015794119E12,3.7868252130189033E9,8933.720486588405,2919.9344125429816,303.5465976192983
2021-04-01T00:00,6.986732117420835E11,-1.3420484192461682E12,3.8130516390532107E9,8930.168469967415,2932.4173285063935,299.52086686788795
2021-04-01T00:00,6.994447782978887E11,-1.3417950583889854E12,3.8389302419505963E9,8926.607492830506,2944.7661284393025,295.56389007405903
2021-04-01T00:00,7.002160371852693E11,-1.3415406305954883E12,3.864466962052995E9,8923.038297078925,2956.9844596058415,291.67371589192675
2021-04-01T00:00,7.00986987694137E11,-1.3412851471381782E12,3.8896675711060576E9,8919.461578323208,2969.075829819617,287.8484694219621
2021-04-01T00:00,7.01757629174504E11,-1.3410286189864817E12,3.914537678864115E9,8915.877988929968,2981.0436142105646,284.08634842071103
2021-04-01T00:00,7.025279610327476E11,-1.3407710568182139E12,3.939082739367665E9,8912.2881408456,2992.8910615960745,280.38561973666873
2021-04-01T00:00,7.032979827281166E11,-1.340512471030492E12,3.963308056912913E9,8908.6926082151,3004.621300483349,276.7446159565988
2021-04-01T00:00,7.040676937694663E11,-1.3402528717501301E12,3.987218791731563E9,8905.0919298126,3016.2373447278574,273.1617322478315
2021-04-01T00:00,7.048370937122021E11,-1.3399922688435457E12,4.0108199653977757E9,8901.486611298673,3027.7420988708545,269.63542338320326
2021-04-01T00:00,7.056061821554183E11,-1.3397306719262031E12,4.0341164659780846E9,8897.877127318206,3039.1383631771746,266.16420093633445
2021-04-01T00:00,7.063749587392186E11,-1.3394680903716245E12,4.057113052938984E9,8894.263923451339,3050.4288383929274,262.74663063588224
2021-04-01T00:00,7.071434231422048E11,-1.3392045333199873E12,4.079814361825924E9,8890.64741802894,3061.6161302412534,259.3813298682713
2021-04-01T00:00,7.079115750791226E11,-1.3389400096863345E12,4.1022249087265425E9,8887.028003823089,3072.702753672958,256.0669653191905
2021-04-01T00:00,7.086794142986528E11,-1.3386745281684172E12,4.1243490945301204E9,8883.406049622115,3083.691136887615,252.8022507448695
2021-04-01T00:00,7.094469405813402E11,-1.3384080972541902E12,4.1461912089944773E9,8879.78190169897,3094.5836251396004,249.5859448648092
2021-04-01T00:00,7.10214153737647E11,-1.338140725228978E12,4.167755434630797E9,8876.155885180942,3105.382484342478,246.41684936825035
2021-04-01T00:00,7.109810536061266E11,-1.3378724201823308E12,4.1890458504162135E9,8872.52830532808,3116.0899044842085,243.29380702722096
2021-04-01T00:00,7.117476400517069E11,-1.3376031900145835E12,4.210066435343365E9,8868.899448727068,3126.708002864768,240.2156999095175
2021-04-01T00:00,7.125139129640769E11,-1.337333042443136E12,4.2308210718155475E9,8865.269584406762,3137.2388271669633,237.18144768544607
2021-04-01T00:00,7.132798722561697E11,-1.3370619850084688E12,4.25131354889557E9,8861.63896488107,3147.684358370476,234.19000602258458
2021-04-01T00:00,7.140455178627354E11,-1.3367900250799055E12,4.271547565415921E9,8858.007827124417,3158.0465135184786,231.24036506322727
2021-04-01T00:00,7.148108497389989E11,-1.3365171698611375E12,4.291526732957384E9,8854.37639348464,3168.3271483455437,228.33154797954174
2021-04-01T00:00,7.15575867859396E11,-1.3362434263955205E12,4.311254578702817E9,8850.744872537707,3178.5280597749615,225.46260960180896
2021-04-01T00:00,7.163405722163833E11,-1.335968801571156E12,4.330734548172413E9,8847.113459888411,3188.6509882930545,222.6326351154313
2021-04-01T00:00,7.171049628193176E11,-1.3356933021257676E12,4.349970007846386E9,8843.482338920758,3198.6976202075653,219.84073882268356
2021-04-01T00:00,7.178690396934004E11,-1.3354169346513816E12,4.368964247680666E9,8839.851681501576,3208.6695897967356,217.08606296545187
2021-04-01T00:00,7.186328028786821E11,-1.3351397055988232E12,4.387720483520881E9,8836.221648640545,3218.568481355258,214.36777660545175
2021-04-01T00:00,7.193962524291246E11,-1.3348616212820342E12,4.406241859419592E9,8832.592391109622,3228.3958311428887,211.68507455864852
2021-04-01T00:00,7.201593884117166E11,-1.3345826878822234E12,4.424531449861459E9,8828.964050024606,3238.1531292411337,209.03717638081508
2021-04-01T00:00,7.209222109056387E11,-1.334302911451857E12,4.442592261900762E9,8825.336757391417,3247.8418213230802,206.42332540136076
2021-04-01T00:00,7.216847200014773E11,-1.3340222979184946E12,4.460427237215439E9,8821.710636619398,3257.463310341127,203.84278780274735
2021-04-01T00:00,7.224469158004812E11,-1.3337408530884812E12,4.478039254081596E9,8818.085803003876,3267.018958137065,201.29485174297938
2021-04-01T00:00,7.232087984138607E11,-1.333458582650498E12,4.49543112927219E9,8814.46236417996,3276.5100869786907,198.77882651881313
2021-04-01T00:00,7.239703679621259E11,-1.3331754921789832E12,4.512605619883415E9,8810.840420549488,3285.937981026872,196.29404176747667
2021-04-01T00:00,7.247316245744613E11,-1.3328915871374224E12,4.529565425092125E9,8807.220065682843,3295.303887736751,193.83984670482877
2021-04-01T00:00,7.254925683881364E11,-1.332606872881522E12,4.546313187847423E9,8803.60138669727,3304.609019196545,191.41560939801272
2021-04-01T00:00,7.26253199547947E11,-1.3323213546622634E12,4.562851496499411E9,8799.984464613195,3313.854553407193,189.0207160707791
2021-04-01T00:00,7.270135182056896E11,-1.332035037628849E12,4.579182886367926E9,8796.369374689939,3323.0416355059165,186.65457043976153
2021-04-01T00:00,7.277735245196628E11,-1.3317479268315415E12,4.5953098412539215E9,8792.756186742132,3332.171378936561,184.3165930800933
2021-04-01T00:00,7.285332186541974E11,-1.3314600272244014E12,4.611234794896042E9,8789.144965438041,3341.244866569437,182.00622081884765
2021-04-01T00:00,7.292926007792112E11,-1.3311713436679297E12,4.62696013237479E9,8785.53577058093,3350.2631517732098,179.72290615487447
2021-04-01T00:00,7.300516710697894E11,-1.3308818809316165E12,4.642488191466572E9,8781.928657374501,3359.2272594412384,177.46611670369
2021-04-01T00:00,7.308104297057866E11,-1.3305916436964006E12,4.657821263949771E9,8778.323676673424,3368.138186974635,175.23533466615388
2021-04-01T00:00,7.315688768714512E11,-1.3303006365570461E12,4.672961596864926E9,8774.720875219817,3376.996905224183,173.03005631974102
2021-04-01T00:00,7.323270127550702E11,-1.3300088640244348E12,4.687911393730952E9,8771.120295866574,3385.804359393126,170.84979153128432
2021-04-01T00:00,7.33084837548633E11,-1.3297163305277832E12,4.702672815719255E9,8767.521977788316,3394.5614699027356,168.69406329012762
2021-04-01T00:00,7.338423514475139E11,-1.3294230404167837E12,4.717247982787522E9,8763.925956680703,3403.269133222456,166.5624072606884
2021-04-01T00:00,7.345995546501711E11,-1.3291289979636733E12,4.731638974774846E9,8760.332264948822,3411.928222666321,164.45437135348647
2021-04-01T00:00,7.353564473578627E11,-1.3288342073652349E12,4.745847832459787E9,8756.740931885268,3420.539589157253,162.36951531374572
2021-04-01T00:00,7.361130297743776E11,-1.3285386727447317E12,4.759876558582895E9,8753.151983838554,3429.104061960759,160.307410326727
2021-04-01T00:00,7.368693021057812E11,-1.3282423981537783E12,4.773727118835124E9,8749.565444372403,3437.62244938946,158.26763863899532
2021-04-01T00:00,7.37625264560175E11,-1.3279453875741511E12,4.787401442813533E9,8745.981334416454,3446.095539479816,156.24979319486826
2021-04-01T00:00,7.383809173474686E11,-1.32764764491954E12,4.800901424945569E9,8742.399672408881,3454.524100642329,154.25347728733308
2021-04-01T00:00,7.391362606791648E11,-1.3273491740372446E12,4.814228925383195E9,8738.82047443139,3462.908882286442,152.27830422275852
2021-04-01T00:00,7.398912947681556E11,-1.3270499787098152E12,4.827385770868041E9,8735.243754337036,3471.2506154212956,150.32389699876265
2021-04-01T00:00,7.406460198285304E11,-1.3267500626566428E12,4.840373755568734E9,8731.66952387126,3479.550013233427,148.38988799463243
2021-04-01T00:00,7.414004360753928E11,-1.3264494295354995E12,4.85319464189147E9,8728.097792786539,3487.807771642453,146.4759186737221
2021-04-01T00:00,7.421545437246896E11,-1.3261480829440295E12,4.865850161264879E9,8724.528568951,3496.0245698357253,144.5816392972878
2021-04-01T00:00,7.42908342993047E11,-1.3258460264211958E12,4.878342014900165E9,8720.961858451348,3504.20107078288,142.70670864924304
2021-04-01T00:00,7.436618340976172E11,-1.3255432634486802E12,4.890671874527459E9,8717.397665690416,3512.3379217311817,140.85079377134755
2021-04-01T00:00,7.444150172559329E11,-1.3252397974522427E12,4.902841383109303E9,8713.835993479635,3520.435754682493,139.01356970836562
2021-04-01T00:00,7.451678926857695E11,-1.324935631803038E12,4.914852155532106E9,8710.276843126718,3528.4951868526728,137.19471926275443
2021-04-01T00:00,7.459204606050156E11,-1.324630769818894E12,4.926705779276408E9,8706.720214518797,3536.516821114163,135.39393275846487
2021-04-01T00:00,7.4667272123155E11,-1.3243252147655498E12,4.93840381506674E9,8703.166106201288,3544.501246422486,133.61090781345806
2021-04-01T00:00,7.474246747831259E11,-1.324018969857859E12,4.949947797501822E9,8699.614515452702,3552.449038227335,131.84534912056074
2021-04-01T00:00,7.48176321477261E11,-1.323712038260956E12,4.961339235665839E9,8696.065438355616,3560.3607588689174,130.09696823630142
2021-04-01T00:00,7.489276615311349E11,-1.32340442309139E12,4.972579613721456E9,8692.518869864025,3568.2369579601636,128.36548337738645
2021-04-01T00:00,7.496786951614911E11,-1.3230961274182222E12,4.983670391485262E9,8688.97480386727,3576.0781727554026,126.65061922449227
2021-04-01T00:00,7.504294225845452E11,-1.3227871542640962E12,4.9946130049862585E9,8685.433233250697,3583.884928506057,124.95210673306524
2021-04-01T00:00,7.511798440158981E11,-1.3224775066062732E12,5.005408867007996E9,8681.894149953265,3591.657738803899,123.26968295083608
2021-04-01T00:00,7.51929959670454E11,-1.3221671873776406E12,5.016059367614948E9,8678.357545022227,3599.3971059123814,121.60309084176933
2021-04-01T00:00,7.526797697623439E11,-1.3218561994676897E12,5.026565874663677E9,8674.823408665055,3607.10352108652,119.95207911618166
2021-04-01T00:00,7.534292745048525E11,-1.3215445457234678E12,5.036929734299315E9,8671.291730298755,3614.7774648818017,118.31640206677594
2021-04-01T00:00,7.541784741103503E11,-1.321232228950502E12,5.047152271437885E9,8667.7624985967,3622.4194074525562,116.69581941034922
2021-04-01T00:00,7.549273687902291E11,-1.320919251913698E12,5.05723479023494E9,8664.235701533114,3630.029808840211,115.09009613494459
2021-04-01T00:00,7.556759587548416E11,-1.320605617338214E12,5.067178574540998E9,8660.711326425337,3637.609119251838,113.49900235222727
2021-04-01T00:00,7.564242442134447E11,-1.3202913279103108E12,5.076984888344231E9,8657.189359973961,3645.1577793293704,111.92231315487551
2021-04-01T00:00,7.571722253741465E11,-1.3199763862781768E12,5.086654976200812E9,8653.669788300987,3652.676220409861,110.35980847878673
2021-04-01T00:00,7.579199024438557E11,-1.3196607950527334E12,5.096190063653379E9,8650.15259698606,3660.164864777127,108.81127296990779
2021-04-01T00:00,7.586672756282354E11,-1.3193445568084167E12,5.1055913576379795E9,8646.637771100905,3667.624125905124,107.27649585550782
2021-04-01T00:00,7.594143451316584E11,-1.3190276740839385E12,5.114860046879895E9,8643.12529524206,3675.0544086933587,105.75527081971944
2021-04-01T00:00,7.601611111571674E11,-1.3187101493830273E12,5.123997302278719E9,8639.615153561976,3682.4561096946554,104.2473958831825
2021-04-01T00:00,7.60907573906435E11,-1.3183919851751497E12,5.133004277283026E9,8636.10732979857,3689.829617335562,102.75267328663183
2021-04-01T00:00,7.616537335797296E11,-1.318073183896212E12,5.141882108254991E9,8632.60180730332,3697.1753121296765,101.27090937827691
2021-04-01T00:00,7.623995903758806E11,-1.317753747949244E12,5.1506319148252735E9,8629.098569067963,3704.493566884163,99.80191450482914
2021-04-01T00:00,7.63145144492248E11,-1.3174336797050652E12,5.159254800238491E9,8625.597597749867,3711.7847468997097,98.34550290603764
2021-04-01T00:00,7.638903961246936E11,-1.317112981502933E12,5.167751851689572E9,8622.098875696156,3719.049210164176,96.90149261260126
2021-04-01T00:00,7.646353454675537E11,-1.3167916556511748E12,5.176124140651301E9,8618.602384966627,3726.2873075401626,95.46970534732989
2021-04-01T00:00,7.653799927136149E11,-1.3164697044278032E12,5.184372723193311E9,8615.108107355536,3733.4993829467257,94.04996642943372
2021-04-01T00:00,7.661243380540903E11,-1.3161471300811167E12,5.192498640292814E9,8611.616024412313,3740.685773535455,92.64210468182435
2021-04-01T00:00,7.668683816785996E11,-1.3158239348302832E12,5.200502918137324E9,8608.126117461232,3747.8468098611174,91.24595234131642
2021-04-01T00:00,7.676121237751483E11,-1.3155001208659111E12,5.208386568419614E9,8604.638367620122,3754.982816047062,89.86134497162327
2021-04-01T00:00,7.683555645301107E11,-1.3151756903506047E12,5.216150588625162E9,8601.152755818139,3762.0941099455836,88.48812137904459
2021-04-01T00:00,7.690987041282134E11,-1.3148506454195054E12,5.223795962312311E9,8597.669262812651,3769.181003293414,87.12612353074837
2021-04-01T00:00,7.698415427525204E11,-1.3145249881808208E12,5.231323659385367E9,8594.187869205296,3776.243801862525,85.77519647555333
2021-04-01T00:00,7.705840805844197E11,-1.3141987207163398E12,5.238734636360855E9,8590.708555457224,3783.2828056064004,84.43518826712213
2021-04-01T00:00,7.713263178036112E11,-1.3138718450819355E12,5.246029836627134E9,8587.231301903588,3790.298308801948,83.10594988947906
2021-04-01T00:00,7.720682545880957E11,-1.3135443633080552E12,5.253210190697585E9,8583.756088767306,3797.290600187193,81.78733518476992
2021-04-01T00:00,7.728098911141652E11,-1.313216277400199E12,5.260276616457549E9,8580.28289617213,3804.2599630949057,80.4792007831844
2021-04-01T00:00,7.735512275563944E11,-1.3128875893393877E12,5.267230019405216E9,8576.811704155063,3811.2066755823093,79.18140603496542
2021-04-01T00:00,7.742922640876334E11,-1.3125583010826174E12,5.274071292886638E9,8573.342492678152,3818.1310105569905,77.89381294443224
2021-04-01T00:00,7.750330008790009E11,-1.3122284145633054E12,5.280801318325037E9,8569.875241639671,3825.0332358991577,76.61628610594717
2021-04-01T00:00,7.757734380998785E11,-1.3118979316917236E12,5.287420965444591E9,8566.40993088476,3831.913614580361,75.34869264175889
2021-04-01T00:00,7.76513575917907E11,-1.3115668543554238E12,5.293931092488838E9,8562.946540215498,3838.7724047787997,74.09090214165771
2021-04-01T00:00,7.772534144989816E11,-1.311235184419651E12,5.300332546433877E9,8559.48504940048,3845.6098599913316,72.84278660438068
2021-04-01T00:00,7.779929540072498E11,-1.3109029237277476E12,5.306626163196495E9,8556.025438183895,3852.4262291422933,71.60422038070702
2021-04-01T00:00,7.787321946051089E11,-1.3105700741015496E12,5.312812767837388E9,8552.567686294136,3859.2217566892414,70.37508011818663
2021-04-01T00:00,7.794711364532047E11,-1.3102366373417717E12,5.3188931747596E9,8549.11177345197,3865.9966827257135,69.1552447074465
2021-04-01T00:00,7.802097797104309E11,-1.3099026152283843E12,5.324868187902323E9,8545.657679378273,3872.751243081112,67.94459523002229
2021-04-01T00:00,7.809481245339292E11,-1.3095680095209822E12,5.330738600930197E9,8542.205383801374,3879.4856694178,66.74301490766405
2021-04-01T00:00,7.816861710790896E11,-1.3092328219591445E12,5.336505197418219E9,8538.754866464005,3886.2001893255083,65.55038905306724
2021-04-01T00:00,7.824239194995521E11,-1.3088970542627869E12,5.342168751032404E9,8535.306107129882,3892.8950264131313,64.36660502198193
2021-04-01T00:00,7.831613699472081E11,-1.308560708132505E12,5.347730025706304E9,8531.859085589937,3899.570400398008,63.1915521666549
2021-04-01T00:00,7.838985225722031E11,-1.3082237852499104E12,5.353189775813502E9,8528.413781668225,3906.226527192759,62.02512179056108
2021-04-01T00:00,7.846353775229392E11,-1.307886287277961E12,5.358548746336206E9,8524.970175227498,3912.863618989765,60.86720710438231
2021-04-01T00:00,7.853719349460789E11,-1.3075482158612803E12,5.3638076730300255E9,8521.528246174483,3919.48188434336,59.71770318319323
2021-04-01T00:00,7.861081949865483E11,-1.307209572626473E12,5.368967282585053E9,8518.087974464872,3926.0815282498083,58.57650692481513
2021-04-01T00:00,7.868441577875421E11,-1.3068703591824321E12,5.374028292783358E9,8514.649340108032,3932.662752225145,57.44351700930049
2021-04-01T00:00,7.875798234905275E11,-1.30653057712064E12,5.378991412652961E9,8511.212323171452,3939.2257543809355,56.318633859512275
2021-04-01T00:00,7.883151922352495E11,-1.3061902280154614E12,5.3838573426184225E9,8507.776903784947,3945.7707294980296,55.201759602762834
2021-04-01T00:00,7.890502641597366E11,-1.3058493134244329E12,5.388626774648101E9,8504.3430621446,3952.2978690983646,54.092798033479326
2021-04-01T00:00,7.897850394003059E11,-1.3055078348885427E12,5.393300392398193E9,8500.910778516514,3958.807361514885,52.99165457686323
2021-04-01T00:00,7.905195180915697E11,-1.3051657939325078E12,5.397878871353634E9,8497.480033240303,3965.299391959633,51.89823625351278
2021-04-01T00:00,7.912537003664417E11,-1.3048231920650425E12,5.402362878965938E9,8494.050806732406,3971.7741425900645,50.812451644978424
2021-04-01T00:00,7.919875863561433E11,-1.3044800307791228E12,5.406753074788064E9,8490.623079489196,3978.2317925736506,49.73421086022242
2021-04-01T00:00,7.927211761902112E11,-1.3041363115522444E12,5.411050110606387E9,8487.196832089892,3984.672518150813,48.66342550295452
2021-04-01T00:00,7.934544699965038E11,-1.3037920358466763E12,5.415254630569842E9,8483.772045199295,3991.096492696243,47.60000863981699
2021-04-01T00:00,7.94187467901209E11,-1.3034472051097073E12,5.419367271316322E9,8480.348699570362,3997.5038867786548,46.54387476939307
2021-04-01T00:00,7.949201700288518E11,-1.3031018207738896E12,5.423388662096398E9,8476.926776046597,4003.894868219023,45.49493979201349
2021-04-01T00:00,7.956525765023022E11,-1.3027558842572756E12,5.427319424894428E9,8473.506255564305,4010.2696021473416,44.45312098033734
2021-04-01T00:00,7.96384687442783E11,-1.3024093969636501E12,5.43116017454713E9,8470.087119154687,4016.6282510579576,43.41833695068359
2021-04-01T00:00,7.971165029698779E11,-1.3020623602827588E12,5.434911518859669E9,8466.66934794579,4022.970974863514,42.39050763509091
2021-04-01T00:00,7.978480232015404E11,-1.3017147755905305E12,5.43857405871934E9,8463.252923164333,4029.2979309475495,41.369554254084036
2021-04-01T00:00,7.985792482541018E11,-1.3013666442492966E12,5.442148388206893E9,8459.837826137395,4035.60927421579,40.35539929012561
2021-04-01T00:00,7.9931017824228E11,-1.3010179676080044E12,5.44563509470556E9,8456.42403829398,4041.905157146171,39.34796646173329
2021-04-01T00:00,8.000408132791886E11,-1.300668747002427E12,5.4490347590078535E9,8453.011541166472,4048.185729837631,38.347180698242454
2021-04-01T00:00,8.007711534763453E11,-1.3003189837553691E12,5.452347955420181E9,8449.600316391967,4054.4511400577053,37.35296811519557
2021-04-01T00:00,8.015011989436816E11,-1.2999686791768682E12,5.4555752518653345E9,8446.190345713509,4060.7015332889623,36.365255990340074
2021-04-01T00:00,8.022309497895513E11,-1.299617834564392E12,5.4587172099829E9,8442.78161098122,4066.9370527743085,35.383972740216855
2021-04-01T00:00,8.0296040612074E11,-1.2992664512030325E12,5.461774385227654E9,8439.37409415333,4073.1578395612014,34.409047897322424
2021-04-01T00:00,8.036895680424749E11,-1.2989145303656943E12,5.464747326965983E9,8435.967777297124,4079.3640325447946,33.440412087828136
2021-04-01T00:00,8.044184356584333E11,-1.2985620733132825E12,5.467636578570372E9,8432.562642589788,4085.5557685100503,32.47799700984056
2021-04-01T00:00,8.05147009070753E11,-1.2982090812948833E12,5.470442677512022E9,8429.158672319183,4091.7331821728467,31.521735412187486
2021-04-01T00:00,8.058752883800414E11,-1.2978555555479436E12,5.473166155451635E9,8425.755848884533,4097.8964062201085,30.571561073714673
2021-04-01T00:00,8.06603273685385E11,-1.2975014972984463E12,5.475807538328404E9,8422.354154797042,4104.045571348987,29.627408783078824
2021-04-01T00:00,8.073309650843595E11,-1.2971469077610818E12,5.478367346447263E9,8418.953572680428,4110.18080630512,28.68921431902283
2021-04-01T00:00,8.080583626730391E11,-1.296791788139417E12,5.480846094564426E9,8415.554085271406,4116.30223791999,27.756914431119768
2021-04-01T00:00,8.087854665460065E11,-1.2964361396260608E12,5.483244291971275E9,8412.155675420085,4122.409991147413,26.830446820972494
2021-04-01T00:00,8.095122767963628E11,-1.2960799634028257E12,5.485562442576608E9,8408.75832609032,4128.504189099178,25.90975012385623
2021-04-01T00:00,8.102387935157369E11,-1.2957232606408875E12,5.4878010449873085E9,8405.362020359993,4134.5849530798605,24.994763890791788
2021-04-01T00:00,8.10965016794296E11,-1.2953660325009414E12,5.489960592587473E9,8401.966741421247,4140.652402620835,24.085428571037582
2021-04-01T00:00,8.116909467207548E11,-1.295008280133355E12,5.492041573616011E9,8398.572472580658,4146.706655513505,23.181685494988972
2021-04-01T00:00,8.124165833823857E11,-1.2946500046783186E12,5.494044471242778E9,8395.179197259356,4152.74782784177,22.283476857473694
2021-04-01T00:00,8.131419268650289E11,-1.2942912072659932E12,5.495969763643264E9,8391.78689899311,4158.776034013762,21.39074570143265
2021-04-01T00:00,8.138669772531019E11,-1.2939318890166543E12,5.497817924071868E9,8388.39556143235,4164.791386792853,20.503435901975617
2021-04-01T00:00,8.145917346296097E11,-1.2935720510408354E12,5.499589420933799E9,8385.005168342153,4170.793997327966,19.62149215080166
2021-04-01T00:00,8.153161990761545E11,-1.2932116944394663E12,5.501284717855628E9,8381.6157036022,4176.783975183208,18.74485994097457
2021-04-01T00:00,8.160403706729458E11,-1.2928508203040105E12,5.502904273754528E9,8378.22715120666,4182.76142836683,17.873485552043626
2021-04-01T00:00,8.1676424949881E11,-1.2924894297165996E12,5.504448542906224E9,8374.83949526408,4188.726463359553,17.00731603550061
2021-04-01T00:00,8.174878356312009E11,-1.2921275237501653E12,5.505917975011691E9,8371.452719997198,4194.679185142254,16.14629920056416
2021-04-01T00:00,8.182111291462087E11,-1.291765103468569E12,5.50731301526262E9,8368.066809742757,4200.6196972230455,15.290383600282624
2021-04-01T00:00,8.189341301185706E11,-1.291402169926729E12,5.508634104405684E9,8364.681748951263,4206.548101663757,14.439518517947192
2021-04-01T00:00,8.196568386216799E11,-1.2910387241707454E12,5.509881678805635E9,8361.297522186724,4212.464499105833,13.593653953807042
2021-04-01T00:00,8.203792547275969E11,-1.2906747672380227E12,5.511056170507244E9,8357.914114126355,4218.36898879567,12.752740612078684
2021-04-01T00:00,8.211013785070575E11,-1.2903103001573909E12,5.512158007296127E9,8354.53150956027,4224.261668609396,11.916729888241766
2021-04-01T00:00,8.218232100294835E11,-1.289945323949223E12,5.5131876127584715E9,8351.149693391118,4230.142635077118,11.085573856613962
2021-04-01T00:00,8.225447493629926E11,-1.2895798396255522E12,5.514145406339683E9,8347.768650633736,4236.011983406641,10.259225258197684
2021-04-01T00:00,8.232659965744073E11,-1.2892138481901858E12,5.515031803401991E9,8344.388366414742,4241.869807506678,9.437637488791685
2021-04-01T00:00,8.239869517292656E11,-1.2888473506388171E12,5.515847215281022E9,8341.008825972127,4247.716200009567,8.620764587360675
2021-04-01T00:00,8.247076148918296E11,-1.2884803479591362E12,5.51659204934137E9,8337.630014654824,4253.551252293497,7.808561224656439
2021-04-01T00:00,8.254279861250958E11,-1.288112841130938E12,5.51726670903118E9,8334.251917922253,4259.375054504264,7.000982692084
2021-04-01T00:00,8.261480654908043E11,-1.2877448311262288E12,5.517871593935777E9,8330.874521343849,4265.187695576567,6.197984890806627
2021-04-01T00:00,8.268678530494485E11,-1.287376318909331E12,5.518407099830342E9,8327.49781059858,4270.989263254854,5.399524321083706
2021-04-01T00:00,8.275873488602842E11,-1.2870073054369858E12,5.518873618731684E9,8324.121771474434,4276.77984411373,4.605558071835553
2021-04-01T00:00,8.283065529813396E11,-1.2866377916584543E12,5.51927153894909E9,8320.746389867914,4282.559523577935,3.8160438104295205
2021-04-01T00:00,8.290254654694242E11,-1.2862677785156172E12,5.519601245134311E9,8317.371651783496,4288.32838594191,3.0309397726818665
2021-04-01T00:00,8.297440863801383E11,-1.2858972669430718E12,5.51986311833067E9,8313.997543333086,4294.086514388956,2.2502047530700056
2021-04-01T00:00,8.304624157678823E11,-1.2855262578682285E12,5.520057536021336E9,8310.624050735463,4299.833991009992,1.4737980951499836
2021-04-01T00:00,8.311804536858658E11,-1.2851547522114053E12,5.520184872176757E9,8307.25116031571,4305.570896821931,0.7016796821740111
2021-04-01T00:00,8.318982001861171E11,-1.28478275088592E12,5.520245497301296E9,8303.878858504639,4311.297311785673,-0.06619007209673211
2021-04-01T00:00,8.326156553194918E11,-1.2844102547981816E12,5.520239778479067E9,8300.507131838189,4317.013314823738,-0.8298502323889121
2021-04-01T00:00,8.333328191356826E11,-1.2840372648477808E12,5.520168079418988E9,8297.135966956843,4322.718983837534,-1.5893393507280922
2021-04-01T00:00,8.340496916832277E11,-1.2836637819275771E12,5.520030760499085E9,8293.765350605008,4328.414395724273,-2.3446954750684754
2021-04-01T00:00,8.347662730095199E11,-1.2832898069237866E12,5.5198281788100395E9,8290.395269630408,4334.099626393549,-3.0959561577458112
2021-04-01T00:00,8.354825631608159E11,-1.2829153407160662E12,5.51956068819801E9,8287.025710983458,4339.774750783581,-3.843158463757702
2021-04-01T00:00,8.361985621822449E11,-1.2825403841775984E12,5.519228639306742E9,8283.656661716639,4345.439842877125,-4.586338978875457
2021-04-01T00:00,8.369142701178171E11,-1.2821649381751738E12,5.518832379618967E9,8280.288108983856,4351.094975717073,-5.325533817591498
2021-04-01T00:00,8.376296870104333E11,-1.281789003569272E12,5.518372253497128E9,8276.920040039804,4356.740221421741,-6.060778630906296
2021-04-01T00:00,8.383448129018928E11,-1.281412581214141E12,5.517848602223417E9,8273.552442239323,4362.37565119985,-6.792108613958617
2021-04-01T00:00,8.390596478329023E11,-1.2810356719578774E12,5.517261764039171E9,8270.18530303674,4368.001335365211,-7.519558513502833
2021-04-01T00:00,8.397741918430847E11,-1.280658276642502E12,5.516612074183604E9,8266.818609985226,4373.617343351124,-8.243162635236807
2021-04-01T00:00,8.404884449709874E11,-1.2802803961040364E12,5.51589986493192E9,8263.452350736132,4379.22374372449,-8.962954850984
2021-04-01T00:00,8.412024072540911E11,-1.2799020311725786E12,5.515125465632795E9,8260.086513038326,4384.820604199649,-9.678968605733123
2021-04-01T00:00,8.419160787288176E11,-1.2795231826723757E12,5.51428920274526E9,8256.721084737539,4390.407991651946,-10.391236924538674
2021-04-01T00:00,8.42629459430539E11,-1.279143851421897E12,5.51339139987498E9,8253.35605377569,4395.985972131036,-11.099792419285624
2021-04-01T00:00,8.433425493935852E11,-1.2787640382339048E12,5.512432377809954E9,8249.991408190219,4401.554610873931,-11.804667295321387
2021-04-01T00:00,8.440553486512528E11,-1.2783837439155254E12,5.511412454555638E9,8246.627136113428,4407.113972317793,-12.505893357958136
2021-04-01T00:00,8.44767857235813E11,-1.2780029692683171E12,5.510331945369511E9,8243.263225771796,4412.664120112482,-13.203502018848441
2021-04-01T00:00,8.454800751785197E11,-1.2776217150883394E12,5.509191162795082E9,8239.899665485316,4418.205117132864,-13.897524302237162
2021-04-01T00:00,8.461920025096176E11,-1.277239982166219E12,5.507990416695369E9,8236.536443666824,4423.737025490883,-14.587990851092403
2021-04-01T00:00,8.469036392583503E11,-1.2768577712872166E12,5.506730014285834E9,8233.17354882132,4429.259906547406,-15.274931933118282
2021-04-01T00:00,8.476149854529685E11,-1.2764750832312908E12,5.505410260166813E9,8229.810969545299,4434.77382092384,-15.9583774466522
2021-04-01T00:00,8.483260411207372E11,-1.2760919187731628E12,5.504031456355422E9,8226.448694526081,4440.27882851353,-16.638356926449248
2021-04-01T00:00,8.490368062879442E11,-1.2757082786823794E12,5.502593902316977E9,8223.086712541135,4445.774988492947,-17.314899549356262
2021-04-01T00:00,8.497472809799077E11,-1.2753241637233735E12,5.501097894995913E9,8219.72501245741,4451.262359332656,-17.988034139877985
2021-04-01T00:00,8.50457465220984E11,-1.274939574655527E12,5.499543728846227E9,8216.36358323066,4456.74099880809,-18.657789175637852
2021-04-01T00:00,8.511673590345752E11,-1.27455451223323E12,5.497931695861451E9,8213.002413904784,4462.210964010117,-19.32419279273561
2021-04-01T00:00,8.518769624431366E11,-1.2741689772059395E12,5.496262085604158E9,8209.641493611147,4467.672311355412,-19.98727279100417
2021-04-01T00:00,8.525862754681846E11,-1.2737829703182383E12,5.494535185235016E9,8206.280811567922,4473.125096596636,-20.647056639167893
2021-04-01T00:00,8.532952981303041E11,-1.2733964923098923E12,5.492751279541391E9,8202.920357079418,4478.569374832429,-21.303571479904473
2021-04-01T00:00,8.540040304491558E11,-1.2730095439159067E12,5.490910650965528E9,8199.560119535427,4484.00520051722,-21.95684413481255
2021-04-01T00:00,8.547124724434836E11,-1.272622125866582E12,5.489013579632279E9,8196.20008841055,4489.432627470853,-22.60690110928712
2021-04-01T00:00,8.554206241311223E11,-1.2722342388875686E12,5.487060343376437E9,8192.840253263548,4494.85170888804,-23.253768597304752
2021-04-01T00:00,8.561284855290043E11,-1.2718458836999207E12,5.48505121776963E9,8189.480603736685,4500.262497347645,-23.897472486120606
2021-04-01T00:00,8.568360566531671E11,-1.27145706102015E12,5.48298647614683E9,8186.1211295550675,4505.665044821793,-24.538038360879117
2021-04-01T00:00,8.575433375187606E11,-1.2710677715602773E12,5.48086638963245E9,8182.761820525999,4511.059402684821,-25.175491509140244
2021-04-01T00:00,8.582503281400541E11,-1.2706780160278853E12,5.47869122716606E9,8179.402666538327,4516.4456217220595,-25.809856925323103
2021-04-01T00:00,8.58957028530443E11,-1.2702877951261685E12,5.476461255527713E9,8176.043657561803,4521.823752138466,-26.44115931506878
2021-04-01T00:00,8.596634387024563E11,-1.2698971095539836E12,5.474176739362891E9,8172.684783646434,4527.193843567097,-27.069423099523995
2021-04-01T00:00,8.603695586677633E11,-1.2695059600058994E12,5.471837941207092E9,8169.3260349218435,4532.555945077433,-27.69467241954737
2021-04-01T00:00,8.610753884371805E11,-1.2691143471722446E12,5.469445121510043E9,8165.9674015966375,4537.910105183548,-28.316931139839937
2021-04-01T00:00,8.617809280206785E11,-1.2687222717391567E12,5.466998538659561E9,8162.608873957768,4543.256371852146,-28.93622285300145
2021-04-01T00:00,8.624861774273884E11,-1.2683297343886287E12,5.464498449005062E9,8159.250442369905,4548.5947925104465,-29.552570883514132
2021-04-01T00:00,8.631911366656091E11,-1.2679367357985557E12,5.461945106880727E9,8155.892097274807,4553.925414053933,-30.165998291655338
2021-04-01T00:00,8.638958057428137E11,-1.2675432766427815E12,5.459338764628327E9,8152.533829190703,4559.248282853967,-30.77652787734066
2021-04-01T00:00,8.646001846656558E11,-1.2671493575911428E12,5.456679672619725E9,8149.175628711664,4564.563444765267,-31.3841821838989
2021-04-01T00:00,8.653042734399764E11,-1.2667549793095151E12,5.4539680792790365E9,8145.817486506995,4569.870945133262,-31.98898350178039
2021-04-01T00:00,8.660080720708107E11,-1.2663601424598557E12,5.451204231104483E9,8142.459393320618,4575.170828801305,-32.590953872199925
2021-04-01T00:00,8.667115805623936E11,-1.2659648477002473E12,5.448388372689924E9,8139.101339970464,4580.46314011778,-33.190115090715864
2021-04-01T00:00,8.67414798918167E11,-1.2655690956849412E12,5.445520746746086E9,8135.743317347869,4585.747922943068,-33.78648871074651
2021-04-01T00:00,8.681177271407859E11,-1.265172887064399E12,5.442601594121478E9,8132.385316416972,4591.025220656404,-34.3800960470252
2021-04-01T00:00,8.688203652321243E11,-1.2647762224853342E12,5.439631153823015E9,8129.027328214117,4596.295076162612,-34.97095817899527
2021-04-01T00:00,8.69522713193282E11,-1.2643791025907537E12,5.43660966303635E9,8125.66934384726,4601.557531898728,-35.55909595414627
2021-04-01T00:00,8.702247710245903E11,-1.2639815280199976E12,5.433537357145912E9,8122.31135449538,4606.812629840506,-36.14452999129245
2021-04-01T00:00,8.709265387256188E11,-1.2635834994087793E12,5.430414469754664E9,8118.953351407893,4612.060411508818,-36.72728068379478
2021-04-01T00:00,8.716280162951804E11,-1.2631850173892249E12,5.427241232703585E9,8115.59532590407,4617.30091797594,-37.30736820272771
2021-04-01T00:00,8.723292037313385E11,-1.2627860825899116E12,5.424017876090869E9,8112.23726937246,4622.534189871736,-37.884812499991654
2021-04-01T00:00,8.730301010314122E11,-1.2623866956359067E12,5.42074462829087E9,8108.879173270317,4627.760267389735,-38.45963331137242
2021-04-01T00:00,8.737307081919828E11,-1.2619868571488042E12,5.417421715972767E9,8105.521029123029,4632.979190293111,-39.03185015954855
2021-04-01T00:00,8.74431025208899E11,-1.261586567746763E12,5.414049364118982E9,8102.162828523554,4638.190997920556,-39.60148235704767
2021-04-01T00:00,8.751310520772834E11,-1.2611858280445427E12,5.410627796043333E9,8098.804563131859,4643.395729192058,-40.168549009152926
2021-04-01T00:00,8.758307887915381E11,-1.2607846386535405E12,5.407157233408942E9,8095.446224674363,4648.593422614586,-40.73306901676031
2021-04-01T00:00,8.7653023534535E11,-1.2603830001818267E12,5.403637896245894E9,8092.087804943382,4653.7841162876775,-41.29506107918809
2021-04-01T00:00,8.772293917316971E11,-1.2599809132341794E12,5.400070002968653E9,8088.729295796582,4658.967847908931,-41.854543696939075
2021-04-01T00:00,8.77928257942854E11,-1.25957837841212E12,5.396453770393237E9,8085.370689156435,4664.144654779412,-42.41153517441684
2021-04-01T00:00,8.786268339703971E11,-1.2591753963139473E12,5.392789413754168E9,8082.011977009677,4669.314573808972,-42.96605362259668
2021-04-01T00:00,8.793251198052107E11,-1.2587719675347703E12,5.389077146721175E9,8078.653151406773,4674.477641521474,-43.51811696165221
2021-04-01T00:00,8.800231154374922E11,-1.2583680926665427E12,5.3853171814156885E9,8075.294204461382,4679.633894059934,-44.06774292353853
2021-04-01T00:00,8.807208208567577E11,-1.257963772298096E12,5.381509728427094E9,8071.9351283498345,4684.78336719159,-44.61494905453276
2021-04-01T00:00,8.814182360518472E11,-1.2575590070151707E12,5.377654996828783E9,8068.575915310604,4689.926096312866,-45.159752717732715
2021-04-01T00:00,8.8211536101093E11,-1.2571537974004492E12,5.373753194193971E9,8065.216557643788,4695.062116454282,-45.702171095514736
2021-04-01T00:00,8.828121957215105E11,-1.2567481440335876E12,5.369804526611319E9,8061.857047710595,4700.191462285261,-46.242221191951174
2021-04-01T00:00,8.835087401704327E11,-1.256342047491246E12,5.365809198700334E9,8058.49737793283,4705.314168118877,-46.779919835188565
2021-04-01T00:00,8.842049943438861E11,-1.2559355083471206E12,5.361767413626574E9,8055.137540792391,4710.430267916516,-47.31528367978709
2021-04-01T00:00,8.849009582274105E11,-1.2555285271719727E12,5.35767937311664E9,8051.77752883076,4715.539795292464,-47.84832920902215
2021-04-01T00:00,8.855966318059015E11,-1.2551211045336594E12,5.3535452774729805E9,8048.417334648512,4720.642783518428,-48.37907273714868
2021-04-01T00:00,8.862920150636151E11,-1.2547132409971633E12,5.3493653255884905E9,8045.056950904814,4725.739265527974,-48.9075304116291
2021-04-01T00:00,8.869871079841733E11,-1.2543049371246218E12,5.345139714960926E9,8041.696370316935,4730.829273920907,-49.433718215325314
2021-04-01T00:00,8.876819105505687E11,-1.253896193475355E12,5.340868641707122E9,8038.335585659764,4735.912840967574,-49.95765196865574
2021-04-01T00:00,8.883764227451697E11,-1.2534870106058953E12,5.33655230057703E9,8034.974589765321,4740.989998613099,-50.47934733171778
2021-04-01T00:00,8.890706445497253E11,-1.2530773890700151E12,5.332190884967569E9,8031.613375522284,4746.060778481553,-50.99881980637655
2021-04-01T00:00,8.897645759453705E11,-1.2526673294187544E12,5.327784586936298E9,8028.251935875509,4751.125211880064,-51.51608473832039
2021-04-01T00:00,8.904582169126301E11,-1.252256832200448E12,5.323333597214908E9,8024.890263825567,4756.183329802853,-52.03115731908385
2021-04-01T00:00,8.911515674314247E11,-1.251845897960753E12,5.318838105222539E9,8021.5283524282695,4761.235162935212,-52.54405258803879
2021-04-01T00:00,8.918446274810745E11,-1.2514345272426753E12,5.314298299078933E9,8018.166194794212,4766.280741657423,-53.054785434353995
2021-04-01T00:00,8.925373970403047E11,-1.2510227205865962E12,5.309714365617405E9,8014.803784088313,4771.320096048609,-53.563370598924166
2021-04-01T00:00,8.932298760872499E11,-1.2506104785302976E12,5.305086490397658E9,8011.441113529358,4776.353255890534,-54.06982267626861
2021-04-01T00:00,8.939220645994589E11,-1.2501978016089888E12,5.300414857718429E9,8008.078176389553,4781.380250671335,-54.574156116400374
2021-04-01T00:00,8.946139625538989E11,-1.2497846903553308E12,5.2956996506299715E9,8004.714965994074,4786.401109589208,-55.076385226666225
2021-04-01T00:00,8.953055699269608E11,-1.2493711452994624E12,5.290941050946387E9,8001.351475720627,4791.415861556028,-55.57652417355808
2021-04-01T00:00,8.959968866944631E11,-1.248957166969024E12,5.2861392392577915E9,7997.987698999006,4796.424535200916,-56.07458698449643
2021-04-01T00:00,8.966879128316566E11,-1.2485427558891826E12,5.281294394942331E9,7994.623629310661,4801.427158873753,-56.57058754958619
2021-04-01T00:00,8.97378648313229E11,-1.248127912582656E12,5.276406696178047E9,7991.259260188265,4806.423760648642,-57.06453962334559
2021-04-01T00:00,8.980690931133093E11,-1.247712637569736E12,5.27147631995459E9,7987.8945852152865,4811.414368327316,-57.55645682640843
2021-04-01T00:00,8.987592472054719E11,-1.2472969313683125E12,5.266503442084788E9,7984.529598025565,4816.399009442491,-58.04635264720038
2021-04-01T00:00,8.994491105627413E11,-1.2468807944938967E12,5.26148823721607E9,7981.164292302893,4821.377711261174,-58.53424044358966
2021-04-01T00:00,9.001386831575963E11,-1.2464642274596438E12,5.256430878841744E9,7977.7986617806,4826.350500787921,-59.02013344451257
