Name=uranus
Mass=8.6813E25
Radius=2.5362E7
Image_Path=/src/main/java/misc/uranusScaled.png
Icon_Path=/src/main/java/misc/uranusIcon.png
Start_Time=2021-04-01T00:00
End_Time=2021-04-01T00:00
No_of_Steps=367
$SOE
2021-04-01T00:00,2.395195786685187E12,1.744450959214586E12,-2.455116324031639E10,-4059.468635313243,5187.467354884825,71.82516236837898
2021-04-01T00:00,2.394845048595096E12,1.744899156394048E12,-2.454495754628776E10,-4060.5253655322945,5186.697962454274,71.8359938876074
2021-04-01T00:00,2.394494219203514E12,1.7453472870980042E12,-2.453875091641587E10,-4061.5819616758604,5185.928357101198,71.84682288464572
2021-04-01T00:00,2.3941432985220254E12,1.7457953513080576E12,-2.4532543350918636E10,-4062.638423702019,5185.15853884322,71.85764935901295
2021-04-01T00:00,2.393792286562218E12,1.7462433490058137E12,-2.452633485001402E10,-4063.6947515688485,5184.388507697969,71.8684733102282
2021-04-01T00:00,2.393441183335682E12,1.746691280172879E12,-2.4520125413920013E10,-4064.7509452344284,5183.618263683078,71.87929473781055
2021-04-01T00:00,2.3930899888540137E12,1.747139144790861E12,-2.4513915042854668E10,-4065.8070046568378,5182.847806816192,71.8901136412792
2021-04-01T00:00,2.3927387031288115E12,1.74758694284137E12,-2.450770373703606E10,-4066.862929794156,5182.077137114961,71.90093002015335
2021-04-01T00:00,2.3923873261716772E12,1.7480346743060168E12,-2.450149149668232E10,-4067.918720604463,5181.306254597042,71.91174387395228
2021-04-01T00:00,2.392035857994217E12,1.748482339166414E12,-2.4495278322011612E10,-4068.9743770458385,5180.535159280101,71.92255520219528
2021-04-01T00:00,2.39168429860804E12,1.7489299374041758E12,-2.448906421324214E10,-4070.0298990763627,5179.763851181808,71.93336400440174
2021-04-01T00:00,2.39133264802476E12,1.749377469000918E12,-2.4482849170592163E10,-4071.0852866541154,5178.992330319844,71.94417028009106
2021-04-01T00:00,2.3909809062559927E12,1.7498249339382576E12,-2.4476633194279964E10,-4072.140539737177,5178.220596711894,71.95497402878269
2021-04-01T00:00,2.3906290733133594E12,1.7502723321978135E12,-2.4470416284523876E10,-4073.1956582836274,5177.448650375653,71.96577524999614
2021-04-01T00:00,2.390277149208484E12,1.750719663761206E12,-2.446419844154228E10,-4074.250642251547,5176.676491328822,71.97657394325098
2021-04-01T00:00,2.389925133952993E12,1.751166928610057E12,-2.445797966555358E10,-4075.3054915990165,5175.904119589108,71.9873701080668
2021-04-01T00:00,2.389573027558519E12,1.7516141267259895E12,-2.4451759956776245E10,-4076.3602062841155,5175.131535174226,71.99816374396322
2021-04-01T00:00,2.3892208300366963E12,1.7520612580906287E12,-2.444553931542877E10,-4077.4147862649243,5174.358738101898,72.00895485045993
2021-04-01T00:00,2.388868541399163E12,1.7525083226856006E12,-2.4439317741729687E10,-4078.4692314995223,5173.585728389853,72.01974342707666
2021-04-01T00:00,2.3885161616575615E12,1.7529553204925334E12,-2.4433095235897587E10,-4079.5235419459896,5172.812506055827,72.03052947333317
2021-04-01T00:00,2.3881636908235376E12,1.7534022514930566E12,-2.4426871798151093E10,-4080.5777175624057,5172.039071117562,72.04131298874924
2021-04-01T00:00,2.38781112890874E12,1.7538491156688013E12,-2.4420647428708866E10,-4081.6317583068503,5171.2654235928085,72.05209397284469
2021-04-01T00:00,2.3874584759248228E12,1.7542959130013997E12,-2.441442212778961E10,-4082.685664137402,5170.491563499323,72.06287242513937
2021-04-01T00:00,2.3871057318834414E12,1.754742643472486E12,-2.440819589561208E10,-4083.7394350121394,5169.717490854869,72.07364834515316
2021-04-01T00:00,2.3867528967962563E12,1.755189307063696E12,-2.4401968732395058E10,-4084.7930708891413,5168.943205677215,72.08442173240593
2021-04-01T00:00,2.3863999706749316E12,1.7556359037566665E12,-2.4395740638357376E10,-4085.8465717264858,5168.168707984139,72.09519258641757
2021-04-01T00:00,2.3860469535311343E12,1.7560824335330364E12,-2.438951161371791E10,-4086.89993748225,5167.393997793422,72.10596090670798
2021-04-01T00:00,2.3856938453765356E12,1.7565288963744458E12,-2.438328165869557E10,-4087.953168114512,5166.619075122856,72.11672669279703
2021-04-01T00:00,2.3853406462228105E12,1.7569752922625364E12,-2.4377050773509315E10,-4089.006263581349,5165.843939990235,72.12748994420461
2021-04-01T00:00,2.384987356081637E12,1.7574216211789514E12,-2.4370818958378136E10,-4090.0592238408362,5165.068592413362,72.13825066045058
2021-04-01T00:00,2.3846339749646973E12,1.757867883105336E12,-2.4364586213521072E10,-4091.112048851051,5164.293032410044,72.14900884105475
2021-04-01T00:00,2.384280502883677E12,1.7583140780233362E12,-2.4358352539157204E10,-4092.1647385700685,5163.517259998096,72.15976448553691
2021-04-01T00:00,2.383926939850264E12,1.7587602059146E12,-2.4352117935505653E10,-4093.217292955965,5162.741275195338,72.17051759341679
2021-04-01T00:00,2.383573285876153E12,1.7592062667607769E12,-2.4345882402785583E10,-4094.269711966816,5161.965078019594,72.18126816421407
2021-04-01T00:00,2.383219540973039E12,1.7596522605435178E12,-2.4339645941216194E10,-4095.3219955606965,5161.188668488697,72.19201619744838
2021-04-01T00:00,2.3828657051526226E12,1.7600981872444753E12,-2.4333408551016735E10,-4096.3741436956825,5160.412046620481,72.20276169263927
2021-04-01T00:00,2.3825117784266074E12,1.7605440468453035E12,-2.432717023240649E10,-4097.42615632985,5159.63521243279,72.21350464930623
2021-04-01T00:00,2.3821577608067007E12,1.7609898393276577E12,-2.432093098560479E10,-4098.478033421273,5158.8581659434685,72.22424506696865
2021-04-01T00:00,2.3818036523046133E12,1.7614355646731953E12,-2.4314690810831005E10,-4099.52977492803,5158.08090717037,72.23498294514587
2021-04-01T00:00,2.3814494529320596E12,1.761881222863575E12,-2.4308449708304546E10,-4100.581380808197,5157.30343613135,72.24571828335716
2021-04-01T00:00,2.381095162700758E12,1.7623268138804568E12,-2.4302207678244865E10,-4101.632851019852,5156.525752844272,72.25645108112171
2021-04-01T00:00,2.3807407816224297E12,1.7627723377055024E12,-2.4295964720871456E10,-4102.684185521073,5155.747857326999,72.26718133795863
2021-04-01T00:00,2.380386309708801E12,1.7632177943203755E12,-2.428972083640386E10,-4103.735384269941,5154.969749597404,72.27790905338699
2021-04-01T00:00,2.3800317469716E12,1.7636631837067407E12,-2.4283476025061646E10,-4104.7864472245365,5154.191429673362,72.2886342269258
2021-04-01T00:00,2.37967709342256E12,1.7641085058462644E12,-2.4277230287064438E10,-4105.837374342942,5153.412897572753,72.29935685809399
2021-04-01T00:00,2.379322349073417E12,1.7645537607206147E12,-2.4270983622631897E10,-4106.888165583241,5152.634153313461,72.31007694641048
2021-04-01T00:00,2.3789675139359106E12,1.764998948311461E12,-2.4264736031983727E10,-4107.93882090352,5151.855196913376,72.32079449139414
2021-04-01T00:00,2.3786125880217847E12,1.7654440686004744E12,-2.425848751533967E10,-4108.9893402618645,5151.076028390391,72.33150949256382
2021-04-01T00:00,2.378257571342786E12,1.7658891215693274E12,-2.425223807291951E10,-4110.039723616366,5150.296647762405,72.34222194943835
2021-04-01T00:00,2.3779024639106655E12,1.766334107199694E12,-2.4245987704943077E10,-4111.089970925115,5149.51705504732,72.35293186153653
2021-04-01T00:00,2.3775472657371777E12,1.7667790254732502E12,-2.423973641163024E10,-4112.140082146205,5148.737250263044,72.36363922837715
2021-04-01T00:00,2.37719197683408E12,1.7672238763716729E12,-2.423348419320091E10,-4113.19005723773,5147.95723342749,72.374344049479
2021-04-01T00:00,2.376836597213135E12,1.7676686598766409E12,-2.4227231049875034E10,-4114.239896157788,5147.177004558574,72.38504632436089
2021-04-01T00:00,2.376481126886107E12,1.7681133759698347E12,-2.422097698187261E10,-4115.2895988644805,5146.396563674217,72.39574605254158
2021-04-01T00:00,2.376125565864765E12,1.7685580246329363E12,-2.421472198941367E10,-4116.339165315908,5145.615910792347,72.40644323353992
2021-04-01T00:00,2.375769914160882E12,1.7690026058476287E12,-2.4208466072718292E10,-4117.388595470175,5144.835045930894,72.41713786687468
2021-04-01T00:00,2.3754141717862334E12,1.7694471195955972E12,-2.4202209232006596E10,-4118.437889285387,5144.053969107794,72.42782995206471
2021-04-01T00:00,2.375058338752599E12,1.769891565858528E12,-2.4195951467498737E10,-4119.487046719656,5143.272680340988,72.43851948862884
2021-04-01T00:00,2.3747024150717627E12,1.7703359446181096E12,-2.418969277941492E10,-4120.536067731091,5142.49117964842,72.44920647608593
2021-04-01T00:00,2.3743464007555107E12,1.7707802558560312E12,-2.4183433167975388E10,-4121.584952277807,5141.709467048042,72.45989091395485
2021-04-01T00:00,2.373990295815634E12,1.7712244995539841E12,-2.417717263340042E10,-4122.633700317921,5140.927542557808,72.47057280175449
2021-04-01T00:00,2.3736341002639263E12,1.7716686756936611E12,-2.417091117591035E10,-4123.682311809551,5140.145406195679,72.48125213900374
2021-04-01T00:00,2.373277814112186E12,1.7721127842567563E12,-2.416464879572554E10,-4124.73078671082,5139.363057979619,72.49192892522156
2021-04-01T00:00,2.3729214373722144E12,1.7725568252249658E12,-2.4158385493066402E10,-4125.779124979852,5138.580497927598,72.50260315992686
2021-04-01T00:00,2.372564970055816E12,1.7730007985799868E12,-2.4152121268153385E10,-4126.827326574774,5137.79772605759,72.51327484263865
2021-04-01T00:00,2.3722084121748E12,1.7734447043035183E12,-2.414585612120698E10,-4127.8753914537165,5137.014742387575,72.5239439728759
2021-04-01T00:00,2.371851763740978E12,1.7738885423772605E12,-2.4139590052447723E10,-4128.923319574812,5136.231546935537,72.53461055015762
2021-04-01T00:00,2.371495024766167E12,1.7743323127829158E12,-2.413332306209619E10,-4129.9711108961965,5135.448139719466,72.54527457400286
2021-04-01T00:00,2.3711381952621855E12,1.7747760155021875E12,-2.4127055150372997E10,-4131.018765376008,5134.664520757355,72.55593604393067
2021-04-01T00:00,2.370781275240857E12,1.775219650516781E12,-2.4120786317498802E10,-4132.066282972388,5133.880690067204,72.56659495946015
2021-04-01T00:00,2.3704242647140083E12,1.7756632178084028E12,-2.4114516563694305E10,-4133.11366364348,5133.096647667018,72.57725132011039
2021-04-01T00:00,2.3700671636934697E12,1.7761067173587612E12,-2.410824588918025E10,-4134.160907347434,5132.312393574805,72.58790512540055
2021-04-01T00:00,2.3697099721910747E12,1.7765501491495662E12,-2.4101974294177414E10,-4135.208014042398,5131.52792780858,72.5985563748498
2021-04-01T00:00,2.3693526902186616E12,1.7769935131625288E12,-2.4095701778906628E10,-4136.254983686526,5130.743250386363,72.60920506797734
2021-04-01T00:00,2.3689953177880713E12,1.7774368093793623E12,-2.4089428343588753E10,-4137.301816237976,5129.9583613261775,72.61985120430239
2021-04-01T00:00,2.3686378549111484E12,1.777880037781781E12,-2.4083153988444702E10,-4138.348511654906,5129.173260646054,72.63049478334422
2021-04-01T00:00,2.368280301599741E12,1.7783231983515007E12,-2.407687871369542E10,-4139.395069895481,5128.387948364027,72.64113580462211
2021-04-01T00:00,2.367922657865702E12,1.7787662910702395E12,-2.40706025195619E10,-4140.441490917867,5127.602424498136,72.65177426765538
2021-04-01T00:00,2.3675649237208867E12,1.779209315919716E12,-2.4064325406265175E10,-4141.487774680232,5126.816689066428,72.66241017196342
2021-04-01T00:00,2.3672070991771543E12,1.7796522728816514E12,-2.4058047374026318E10,-4142.53392114075,5126.030742086953,72.67304351706561
2021-04-01T00:00,2.3668491842463677E12,1.7800951619377676E12,-2.4051768423066444E10,-4143.579930257597,5125.244583577767,72.68367430248139
2021-04-01T00:00,2.3664911789403936E12,1.7805379830697888E12,-2.404548855360671E10,-4144.625801988952,5124.458213556932,72.69430252773026
2021-04-01T00:00,2.3661330832711016E12,1.7809807362594402E12,-2.4039207765868313E10,-4145.671536292998,5123.671632042514,72.70492819233172
2021-04-01T00:00,2.3657748972503657E12,1.7814234214884487E12,-2.4032926060072495E10,-4146.7171331279205,5122.884839052586,72.71555129580534
2021-04-01T00:00,2.3654166208900635E12,1.781866038738543E12,-2.4026643436440536E10,-4147.76259245191,5122.097834605227,72.72617183767073
2021-04-01T00:00,2.3650582542020757E12,1.782308587991453E12,-2.402035989519376E10,-4148.807914223158,5121.310618718519,72.73678981744754
2021-04-01T00:00,2.3646997971982866E12,1.7827510692289102E12,-2.401407543655353E10,-4149.853098399862,5120.5231914105525,72.74740523465547
2021-04-01T00:00,2.364341249890585E12,1.783193482432648E12,-2.4007790060741257E10,-4150.898144940221,5119.7355526994215,72.75801808881427
2021-04-01T00:00,2.3639826122908623E12,1.7836358275844011E12,-2.4001503767978382E10,-4151.943053802438,5118.947702603227,72.76862837944373
2021-04-01T00:00,2.3636238844110137E12,1.784078104665906E12,-2.3995216558486397E10,-4152.987824944719,5118.159641140076,72.7792361060637
2021-04-01T00:00,2.3632650662629385E12,1.7845203136589004E12,-2.398892843248683E10,-4154.032458325275,5117.37136832808,72.7898412681941
2021-04-01T00:00,2.362906157858539E12,1.784962454545124E12,-2.398263939020126E10,-4155.076953902318,5116.582884185358,72.80044386535486
2021-04-01T00:00,2.3625471592097217E12,1.7854045273063176E12,-2.397634943185129E10,-4156.121311634064,5115.794188730034,72.81104389706601
2021-04-01T00:00,2.3621880703283965E12,1.7858465319242239E12,-2.3970058557658585E10,-4157.165531478734,5115.005281980239,72.82164136284761
2021-04-01T00:00,2.3618288912264766E12,1.786288468380587E12,-2.3963766767844833E10,-4158.209613394551,5114.216163954107,72.83223626221978
2021-04-01T00:00,2.3614696219158794E12,1.7867303366571526E12,-2.395747406263178E10,-4159.253557339741,5113.426834669784,72.8428285947027
2021-04-01T00:00,2.3611102624085254E12,1.787172136735668E12,-2.3951180442241196E10,-4160.297363272534,5112.6372941454165,72.8534183598166
2021-04-01T00:00,2.360750812716339E12,1.787613868597882E12,-2.394488590689491E10,-4161.341031151164,5111.84754239916,72.8640055570818
2021-04-01T00:00,2.3603912728512476E12,1.7880555322255454E12,-2.3938590456814777E10,-4162.384560933867,5111.057579449177,72.87459018601864
2021-04-01T00:00,2.360031642825183E12,1.78849712760041E12,-2.3932294092222706E10,-4163.427952578882,5110.267405313633,72.88517224614755
2021-04-01T00:00,2.35967192265008E12,1.788938654704229E12,-2.3925996813340637E10,-4164.471206044452,5109.477020010705,72.89575173698901
2021-04-01T00:00,2.359312112337878E12,1.7893801135187578E12,-2.391969862039056E10,-4165.514321288822,5108.686423558572,72.90632865806357
2021-04-01T00:00,2.3589522119005186E12,1.7898215040257532E12,-2.3913399513594505E10,-4166.557298270244,5107.895615975421,72.91690300889185
2021-04-01T00:00,2.358592221349948E12,1.7902628262069734E12,-2.3907099493174538E10,-4167.600136946969,5107.104597279446,72.9274747889945
2021-04-01T00:00,2.358232140698116E12,1.7907040800441782E12,-2.3900798559352768E10,-4168.642837277252,5106.3133674888495,72.93804399789228
2021-04-01T00:00,2.3578719699569756E12,1.7911452655191292E12,-2.389449671235135E10,-4169.685399219351,5105.521926621836,72.94861063510598
2021-04-01T00:00,2.357511709138483E12,1.7915863826135894E12,-2.3888193952392475E10,-4170.727822731529,5104.730274696622,72.95917470015645
2021-04-01T00:00,2.357151358254599E12,1.7920274313093232E12,-2.3881890279698383E10,-4171.77010777205,5103.938411731426,72.96973619256465
2021-04-01T00:00,2.3567909173172876E12,1.792468411588097E12,-2.3875585694491344E10,-4172.812254299181,5103.146337744477,72.98029511185156
2021-04-01T00:00,2.356430386338516E12,1.792909323431678E12,-2.386928019699368E10,-4173.854262271194,5102.35405275401,72.99085145753824
2021-04-01T00:00,2.356069765330256E12,1.793350166821836E12,-2.386297378742775E10,-4174.89613164636,5101.561556778266,73.00140522914582
2021-04-01T00:00,2.3557090543044814E12,1.7937909417403416E12,-2.3856666466015953E10,-4175.937862382956,5100.768849835495,73.01195642619547
2021-04-01T00:00,2.3553482532731714E12,1.7942316481689673E12,-2.385035823298073E10,-4176.979454439262,5099.975931943951,73.02250504820846
2021-04-01T00:00,2.3549873622483076E12,1.7946722860894873E12,-2.3844049088544563E10,-4178.020907773557,5099.182803121897,73.0330510947061
2021-04-01T00:00,2.354626381241876E12,1.795112855483677E12,-2.383773903292998E10,-4179.062222344127,5098.389463387605,73.04359456520976
2021-04-01T00:00,2.354265310265865E12,1.7955533563333137E12,-2.3831428066359547E10,-4180.103398109259,5097.595912759351,73.0541354592409
2021-04-01T00:00,2.3539041493322686E12,1.795993788620176E12,-2.382511618905587E10,-4181.144435027241,5096.80215125542,73.06467377632102
2021-04-01T00:00,2.353542898453082E12,1.7964341523260444E12,-2.3818803401241596E10,-4182.185333056366,5096.0081788941025,73.07520951597168
2021-04-01T00:00,2.353181557640306E12,1.796874447432701E12,-2.3812489703139416E10,-4183.226092154929,5095.213995693698,73.0857426777145
2021-04-01T00:00,2.352820126905944E12,1.797314673921929E12,-2.380617509497206E10,-4184.266712281225,5094.419601672514,73.0962732610712
2021-04-01T00:00,2.352458606262003E12,1.7977548317755134E12,-2.3799859576962303E10,-4185.307193393555,5093.624996848864,73.1068012655635
2021-04-01T00:00,2.3520969957204937E12,1.7981949209752412E12,-2.379354314933296E10,-4186.34753545022,5092.830181241069,73.1173266907132
2021-04-01T00:00,2.3517352952934307E12,1.7986349415029004E12,-2.378722581230688E10,-4187.387738409523,5092.035154867458,73.12784953604216
2021-04-01T00:00,2.351373504992832E12,1.799074893340281E12,-2.3780907566106968E10,-4188.427802229771,5091.239917746367,73.13836980107232
2021-04-01T00:00,2.351011624830719E12,1.7995147764691743E12,-2.3774588410956154E10,-4189.467726869272,5090.44446989614,73.14888748532563
2021-04-01T00:00,2.3506496548191177E12,1.7999545908713733E12,-2.3768268347077423E10,-4190.507512286336,5089.648811335128,73.15940258832413
2021-04-01T00:00,2.350287594970056E12,1.8003943365286726E12,-2.376194737469379E10,-4191.547158439276,5088.85294208169,73.16991510958988
2021-04-01T00:00,2.349925445295567E12,1.8008340134228684E12,-2.375562549402832E10,-4192.586665286406,5088.056862154194,73.18042504864502
2021-04-01T00:00,2.349563205807686E12,1.8012736215357585E12,-2.374930270530412E10,-4193.626032786043,5087.260571571012,73.19093240501172
2021-04-01T00:00,2.349200876518453E12,1.8017131608491423E12,-2.3742979008744328E10,-4194.665260896504,5086.464070350527,73.20143717821222
2021-04-01T00:00,2.3488384574399116E12,1.8021526313448206E12,-2.373665440457213E10,-4195.70434957611,5085.667358511128,73.21193936776876
2021-04-01T00:00,2.3484759485841084E12,1.802592033004596E12,-2.3730328893010754E10,-4196.743298783183,5084.870436071213,73.2224389732037
2021-04-01T00:00,2.3481133499630938E12,1.8030313658102725E12,-2.372400247428347E10,-4197.782108476045,5084.073303049185,73.23293599403937
2021-04-01T00:00,2.3477506615889214E12,1.803470629743656E12,-2.3717675148613586E10,-4198.820778613023,5083.275959463457,73.24343042979818
2021-04-01T00:00,2.3473878834736494E12,1.8039098247865537E12,-2.3711346916224453E10,-4199.859309152444,5082.47840533245,73.25392228000258
2021-04-01T00:00,2.347025015629339E12,1.8043489509207744E12,-2.3705017777339462E10,-4200.8977000526365,5081.680640674591,73.26441154417505
2021-04-01T00:00,2.346662058068054E12,1.8047880081281287E12,-2.3698687732182045E10,-4201.93595127193,5080.882665508316,73.2748982218381
2021-04-01T00:00,2.3462990108018643E12,1.8052269963904285E12,-2.3692356780975677E10,-4202.974062768657,5080.0844798520675,73.28538231251429
2021-04-01T00:00,2.345935873842841E12,1.8056659156894878E12,-2.3686024923943874E10,-4204.01203450115,5079.286083724297,73.2958638157262
2021-04-01T00:00,2.34557264720306E12,1.8061047660071216E12,-2.3679692161310196E10,-4205.049866427744,5078.4874771434625,73.30634273099643
2021-04-01T00:00,2.3452093308946006E12,1.8065435473251467E12,-2.3673358493298237E10,-4206.087558506774,5077.688660128031,73.31681905784765
2021-04-01T00:00,2.3448459249295454E12,1.8069822596253818E12,-2.3667023920131638E10,-4207.125110696579,5076.889632696477,73.32729279580252
2021-04-01T00:00,2.3444824293199814E12,1.8074209028896467E12,-2.366068844203408E10,-4208.162522955497,5076.090394867281,73.33776394438375
2021-04-01T00:00,2.344118844077998E12,1.8078594770997632E12,-2.3654352059229286E10,-4209.199795241866,5075.2909466589335,73.34823250311405
2021-04-01T00:00,2.343755169215689E12,1.8082979822375544E12,-2.3648014771941017E10,-4210.236927514029,5074.49128808993,73.35869847151616
2021-04-01T00:00,2.343391404745152E12,1.8087364182848455E12,-2.3641676580393078E10,-4211.273919730328,5073.691419178776,73.36916184911287
2021-04-01T00:00,2.3430275506784873E12,1.8091747852234624E12,-2.3635337484809315E10,-4212.3107718491065,5072.891339943985,73.37962263542694
2021-04-01T00:00,2.3426636070277993E12,1.8096130830352336E12,-2.3628997485413612E10,-4213.347483828708,5072.091050404077,73.39008082998116
2021-04-01T00:00,2.3422995738051963E12,1.8100513117019885E12,-2.36226565824299E10,-4214.38405562748,5071.290550577578,73.40053643229835
2021-04-01T00:00,2.34193545102279E12,1.8104894712055583E12,-2.361631477608215E10,-4215.420487203767,5070.489840483025,73.41098944190134
2021-04-01T00:00,2.341571238692696E12,1.8109275615277761E12,-2.3609972066594368E10,-4216.456778515918,5069.688920138959,73.42143985831295
2021-04-01T00:00,2.341206936827032E12,1.811365582650476E12,-2.360362845419061E10,-4217.49292952228,5068.887789563932,73.43188768105604
2021-04-01T00:00,2.3408425454379214E12,1.8118035345554944E12,-2.3597283939094967E10,-4218.528940181204,5068.0864487765,73.44233290965344
2021-04-01T00:00,2.3404780645374897E12,1.8122414172246687E12,-2.3590938521531574E10,-4219.56481045104,5067.284897795231,73.45277554362802
2021-04-01T00:00,2.3401134941378667E12,1.8126792306398381E12,-2.3584592201724606E10,-4220.600540290139,5066.483136638696,73.46321558250263
2021-04-01T00:00,2.3397488342511855E12,1.8131169747828438E12,-2.3578244979898277E10,-4221.636129656855,5065.681165325476,73.47365302580013
2021-04-01T00:00,2.339384084889583E12,1.8135546496355278E12,-2.3571896856276848E10,-4222.671578509539,5064.8789838741595,73.48408787304338
2021-04-01T00:00,2.3390192460651997E12,1.8139922551797346E12,-2.3565547831084618E10,-4223.706886806546,5064.076592303341,73.49452012375522
2021-04-01T00:00,2.3386543177901797E12,1.8144297913973096E12,-2.3559197904545925E10,-4224.742054506231,5063.273990631624,73.50494977745852
2021-04-01T00:00,2.3382893000766704E12,1.8148672582701E12,-2.355284707688515E10,-4225.77708156695,5062.471178877617,73.51537683367611
2021-04-01T00:00,2.337924192936823E12,1.815304655779955E12,-2.354649534832672E10,-4226.811967947059,5061.668157059938,73.52580129193085
2021-04-01T00:00,2.3375589963827925E12,1.815741983908725E12,-2.3540142719095097E10,-4227.846713604915,5060.864925197211,73.53622315174555
2021-04-01T00:00,2.337193710426737E12,1.8161792426382622E12,-2.3533789189414787E10,-4228.881318498877,5060.061483308069,73.54664241264304
2021-04-01T00:00,2.3368283350808184E12,1.81661643195042E12,-2.3527434759510334E10,-4229.915782587303,5059.257831411151,73.55705907414614
2021-04-01T00:00,2.3364628703572026E12,1.817053551827054E12,-2.3521079429606327E10,-4230.950105828552,5058.4539695251015,73.56747313577763
2021-04-01T00:00,2.336097316268059E12,1.817490602250021E12,-2.3514723199927395E10,-4231.984288180986,5057.649897668575,73.5778845970603
2021-04-01T00:00,2.33573167282556E12,1.8179275832011794E12,-2.3508366070698208E10,-4233.018329602965,5056.845615860232,73.58829345751691
2021-04-01T00:00,2.3353659400418823E12,1.8183644946623896E12,-2.350200804214348E10,-4234.052230052852,5056.04112411874,73.59869971667023
2021-04-01T00:00,2.3350001179292056E12,1.8188013366155134E12,-2.3495649114487957E10,-4235.085989489009,5055.236422462774,73.60910337404296
2021-04-01T00:00,2.334634206499714E12,1.8192381090424143E12,-2.348928928795644E10,-4236.119607869799,5054.431510911014,73.61950442915784
2021-04-01T00:00,2.3342682057655938E12,1.819674811924957E12,-2.348292856277376E10,-4237.153085153588,5053.6263894821495,73.62990288153756
2021-04-01T00:00,2.3339021157390366E12,1.8201114452450083E12,-2.34765669391648E10,-4238.186421298739,5052.821058194875,73.64029873070479
2021-04-01T00:00,2.3335359364322363E12,1.8205480089844363E12,-2.3470204417354465E10,-4239.219616263619,5052.015517067894,73.65069197618217
2021-04-01T00:00,2.333169667857391E12,1.8209845031251108E12,-2.3463840997567722E10,-4240.252670006595,5051.209766119914,73.66108261749237
2021-04-01T00:00,2.3328033100267026E12,1.8214209276489036E12,-2.345747668002957E10,-4241.285582486033,5050.403805369653,73.67147065415796
2021-04-01T00:00,2.332436862952376E12,1.8218572825376875E12,-2.3451111464965054E10,-4242.318353660302,5049.597634835833,73.68185608570154
2021-04-01T00:00,2.3320703266466196E12,1.8222935677733374E12,-2.344474535259925E10,-4243.350983487771,5048.791254537182,73.69223891164566
2021-04-01T00:00,2.3317037011216465E12,1.8227297833377295E12,-2.3438378343157284E10,-4244.383471926812,5047.984664492436,73.70261913151286
2021-04-01T00:00,2.331336986389672E12,1.8231659292127417E12,-2.3432010436864323E10,-4245.415818935793,5047.17786472034,73.71299674482566
2021-04-01T00:00,2.330970182462916E12,1.8236020053802534E12,-2.3425641633945568E10,-4246.448024473088,5046.370855239641,73.72337175110653
2021-04-01T00:00,2.3306032893536016E12,1.8240380118221462E12,-2.3419271934626274E10,-4247.480088497067,5045.563636069096,73.73374414987792
2021-04-01T00:00,2.3302363070739556E12,1.8244739485203025E12,-2.3412901339131725E10,-4248.512010966107,5044.756207227467,73.74411394066229
2021-04-01T00:00,2.329869235636208E12,1.824909815456607E12,-2.3406529847687252E10,-4249.54379183858,5043.948568733522,73.75448112298201
2021-04-01T00:00,2.3295020750525933E12,1.8253456126129456E12,-2.3400157460518227E10,-4250.575431072863,5043.140720606038,73.7648456963595
2021-04-01T00:00,2.3291348253353486E12,1.8257813399712058E12,-2.339378417785006E10,-4251.606928627331,5042.332662863794,73.7752076603171
2021-04-01T00:00,2.3287674864967153E12,1.8262169975132773E12,-2.3387409999908207E10,-4252.638284460364,5041.524395525581,73.78556701437712
2021-04-01T00:00,2.328400058548938E12,1.8266525852210508E12,-2.3381034926918163E10,-4253.669498530339,5040.715918610192,73.79592375806189
2021-04-01T00:00,2.328032541504265E12,1.8270881030764187E12,-2.3374658959105465E10,-4254.700570795637,5039.907232136427,73.80627789089367
2021-04-01T00:00,2.327664935374948E12,1.8275235510612754E12,-2.336828209669569E10,-4255.731501214638,5039.098336123095,73.81662941239472
2021-04-01T00:00,2.327297240173243E12,1.8279589291575164E12,-2.336190433991446E10,-4256.762289745725,5038.289230589006,73.82697832208726
2021-04-01T00:00,2.326929455911409E12,1.8283942373470393E12,-2.335552568898743E10,-4257.79293634728,5037.479915552983,73.8373246194935
2021-04-01T00:00,2.326561582601709E12,1.8288294756117432E12,-2.3349146144140305E10,-4258.82344097769,5036.670391033848,73.84766830413562
2021-04-01T00:00,2.3261936202564087E12,1.8292646439335286E12,-2.3342765705598827E10,-4259.853803595338,5035.860657050435,73.85800937553579
2021-04-01T00:00,2.325825568887778E12,1.8296997422942976E12,-2.333638437358878E10,-4260.884024158613,5035.050713621581,73.86834783321612
2021-04-01T00:00,2.3254574285080903E12,1.8301347706759546E12,-2.333000214833599E10,-4261.914102625903,5034.240560766129,73.87868367669874
2021-04-01T00:00,2.3250891991296235E12,1.8305697290604048E12,-2.3323619030066322E10,-4262.9440389555975,5033.430198502931,73.88901690550576
2021-04-01T00:00,2.3247208807646577E12,1.8310046174295554E12,-2.3317235019005688E10,-4263.973833106088,5032.61962685084,73.89934751915922
2021-04-01T00:00,2.3243524734254775E12,1.8314394357653154E12,-2.331085011538003E10,-4265.003485035767,5031.80884582872,73.9096755171812
2021-04-01T00:00,2.3239839771243706E12,1.831874184049595E12,-2.3304464319415348E10,-4266.0329947030295,5030.997855455438,73.92000089909374
2021-04-01T00:00,2.3236153918736284E12,1.8323088622643064E12,-2.3298077631337666E10,-4267.062362066271,5030.186655749868,73.93032366441884
2021-04-01T00:00,2.323246717685546E12,1.8327434703913633E12,-2.329169005137306E10,-4268.091587083888,5029.375246730889,73.94064381267853
2021-04-01T00:00,2.322877954572422E12,1.833178008412681E12,-2.3285301579747643E10,-4269.12066971428,5028.563628417386,73.9509613433948
2021-04-01T00:00,2.3225091025465586E12,1.8336124763101763E12,-2.3278912216687572E10,-4270.149609915848,5027.751800828251,73.96127625608962
2021-04-01T00:00,2.3221401616202617E12,1.8340468740657678E12,-2.3272521962419044E10,-4271.178407646993,5026.939763982382,73.97158855028496
2021-04-01T00:00,2.321771131805841E12,1.834481201661376E12,-2.32661308171683E10,-4272.20706286612,5026.127517898681,73.98189822550279
2021-04-01T00:00,2.3214020131156094E12,1.8349154590789224E12,-2.3259738781161617E10,-4273.235575531635,5025.315062596056,73.99220528126506
2021-04-01T00:00,2.3210328055618833E12,1.8353496463003306E12,-2.3253345854625317E10,-4274.263945601945,5024.502398093424,74.0025097170937
2021-04-01T00:00,2.3206635091569834E12,1.835783763307526E12,-2.324695203778576E10,-4275.29217303546,5023.689524409703,74.01281153251067
2021-04-01T00:00,2.320294123913233E12,1.8362178100824348E12,-2.324055733086935E10,-4276.32025779059,5022.876441563821,74.0231107270379
2021-04-01T00:00,2.31992464984296E12,1.8366517866069858E12,-2.3234161734102535E10,-4277.34819982575,5022.0631495747075,74.03340730019733
2021-04-01T00:00,2.319555086958495E12,1.8370856928631091E12,-2.32277652477118E10,-4278.375999099355,5021.249648461301,74.04370125151088
2021-04-01T00:00,2.319185435272173E12,1.837519528832736E12,-2.3221367871923668E10,-4279.403655569821,5020.4359382425455,74.0539925805005
2021-04-01T00:00,2.3188156947963315E12,1.8379532944978003E12,-2.3214969606964714E10,-4280.431169195569,5019.62201893739,74.06428128668813
2021-04-01T00:00,2.318445865543313E12,1.8383869898402366E12,-2.3208570453061543E10,-4281.45853993502,5018.807890564788,74.0745673695957
2021-04-01T00:00,2.3180759475254624E12,1.8388206148419814E12,-2.320217041044081E10,-4282.485767746597,5017.9935531437,74.08485082874518
2021-04-01T00:00,2.317705940755129E12,1.8392541694849731E12,-2.319576947932921E10,-4283.512852588726,5017.179006693093,74.0951316636585
2021-04-01T00:00,2.317335845244665E12,1.8396876537511514E12,-2.318936765995347E10,-4284.539794419835,5016.3642512319375,74.10540987385767
2021-04-01T00:00,2.3169656610064272E12,1.8401210676224578E12,-2.3182964952540367E10,-4285.566593198354,5015.549286779212,74.11568545886465
2021-04-01T00:00,2.316595388052775E12,1.8405544110808354E12,-2.3176561357316723E10,-4286.593248882717,5014.734113353898,74.12595841820144
2021-04-01T00:00,2.3162250263960713E12,1.8409876841082292E12,-2.317015687450939E10,-4287.619761431357,5013.918730974985,74.13622875139005
2021-04-01T00:00,2.3158545760486836E12,1.8414208866865854E12,-2.3163751504345272E10,-4288.646130802713,5013.103139661467,74.14649645795252
2021-04-01T00:00,2.3154840370229824E12,1.8418540187978523E12,-2.3157345247051304E10,-4289.672356955223,5012.287339432345,74.1567615374109
2021-04-01T00:00,2.3151134093313413E12,1.8422870804239792E12,-2.3150938102854473E10,-4290.6984398473305,5011.471330306624,74.16702398928727
2021-04-01T00:00,2.3147426929861387E12,1.8427200715469177E12,-2.31445300719818E10,-4291.72437943748,5010.655112303315,74.17728381310373
2021-04-01T00:00,2.3143718879997554E12,1.8431529921486208E12,-2.3138121154660347E10,-4292.750175684118,5009.838685441436,74.1875410083824
2021-04-01T00:00,2.314000994384576E12,1.843585842211043E12,-2.313171135111722E10,-4293.775828545695,5009.022049740009,74.19779557464543
2021-04-01T00:00,2.3136300121529897E12,1.8440186217161406E12,-2.312530066157957E10,-4294.8013379806625,5008.205205218062,74.208047511415
2021-04-01T00:00,2.313258941317388E12,1.8444513306458716E12,-2.3118889086274586E10,-4295.826703947476,5007.388151894629,74.21829681821335
2021-04-01T00:00,2.312887781890167E12,1.8448839689821953E12,-2.3112476625429493E10,-4296.851926404592,5006.570889788752,74.2285434945627
2021-04-01T00:00,2.3125165338837256E12,1.845316536707073E12,-2.3106063279271564E10,-4297.877005310472,5005.753418919474,74.23878753998535
2021-04-01T00:00,2.312145197310467E12,1.8457490338024675E12,-2.309964904802811E10,-4298.9019406235775,5004.935739305847,74.24902895400363
2021-04-01T00:00,2.311773772182797E12,1.8461814602503435E12,-2.3093233931926483E10,-4299.926732302375,5004.117850966929,74.25926773613989
2021-04-01T00:00,2.311402258513126E12,1.846613816032667E12,-2.308681793119408E10,-4300.951380305333,5003.299753921782,74.26950388591654
2021-04-01T00:00,2.3110306563138677E12,1.8470461011314058E12,-2.308040104605834E10,-4301.975884590922,5002.4814481894755,74.279737402856
2021-04-01T00:00,2.310658965597439E12,1.8474783155285293E12,-2.307398327674673E10,-4303.000245117616,5001.662933789083,74.28996828648079
2021-04-01T00:00,2.3102871863762607E12,1.8479104592060088E12,-2.306756462348678E10,-4304.024461843892,5000.844210739685,74.30019653631342
2021-04-01T00:00,2.3099153186627573E12,1.8483425321458167E12,-2.3061145086506042E10,-4305.048534728229,5000.025279060367,74.31042215187648
2021-04-01T00:00,2.309543362469357E12,1.8487745343299275E12,-2.305472466603212E10,-4306.0724637291105,4999.206138770222,74.3206451326926
2021-04-01T00:00,2.3091713178084907E12,1.8492064657403171E12,-2.3048303362292656E10,-4307.096248805021,4998.386789888348,74.33086547828447
2021-04-01T00:00,2.3087991846925938E12,1.8496383263589634E12,-2.304188117551533E10,-4308.119889914448,4997.5672324338475,74.3410831881748
2021-04-01T00:00,2.308426963134105E12,1.8500701161678457E12,-2.303545810592787E10,-4309.143387015884,4996.747466425831,74.3512982618864
2021-04-01T00:00,2.308054653145467E12,1.8505018351489448E12,-2.3029034153758045E10,-4310.1667400678225,4995.927491883413,74.3615106989421
2021-04-01T00:00,2.307682254739125E12,1.8509334832842437E12,-2.3022609319233658E10,-4311.18994902876,4995.107308825715,74.37172049886478
2021-04-01T00:00,2.307309767927529E12,1.851365060555726E12,-2.3016183602582558E10,-4312.213013857196,4994.2869172718665,74.38192766117739
2021-04-01T00:00,2.3069371927231313E12,1.8517965669453784E12,-2.300975700403263E10,-4313.235934511634,4993.466317241,74.39213218540293
2021-04-01T00:00,2.3065645291383896E12,1.852228002435188E12,-2.3003329523811813E10,-4314.258710950579,4992.6455087522545,74.40233407106447
2021-04-01T00:00,2.3061917771857637E12,1.8526593670071443E12,-2.2996901162148075E10,-4315.28134313254,4991.824491824776,74.41253331768513
2021-04-01T00:00,2.305818936877717E12,1.853090660643238E12,-2.299047191926943E10,-4316.303831016029,4991.003266477715,74.42272992478807
2021-04-01T00:00,2.305446008226717E12,1.8535218833254617E12,-2.2984041795403927E10,-4317.32617455956,4990.181832730232,74.43292389189652
2021-04-01T00:00,2.305072991245235E12,1.8539530350358096E12,-2.2977610790779667E10,-4318.34837372165,4989.360190601488,74.44311521853378
2021-04-01T00:00,2.304699885945745E12,1.8543841157562776E12,-2.2971178905624786E10,-4319.37042846082,4988.538340110656,74.45330390422318
2021-04-01T00:00,2.304326692340726E12,1.854815125468863E12,-2.296474614016746E10,-4320.3923387355935,4987.716281276909,74.46348994848812
2021-04-01T00:00,2.303953410442659E12,1.8552460641555654E12,-2.2958312494635914E10,-4321.414104504496,4986.894014119432,74.47367335085205
2021-04-01T00:00,2.30358004026403E12,1.8556769317983853E12,-2.29518779692584E10,-4322.435725726057,4986.071538657411,74.48385411083851
2021-04-01T00:00,2.303206581817327E12,1.8561077283793252E12,-2.294544256426322E10,-4323.45720235881,4985.248854910043,74.49403222797103
2021-04-01T00:00,2.3028330351150435E12,1.8565384538803894E12,-2.2939006279878723E10,-4324.478534361288,4984.425962896527,74.50420770177325
2021-04-01T00:00,2.302459400169675E12,1.8569691082835837E12,-2.293256911633329E10,-4325.499721692031,4983.602862636072,74.51438053176885
2021-04-01T00:00,2.3020856769937207E12,1.8573996915709155E12,-2.2926131073855347E10,-4326.520764309579,4982.77955414789,74.52455071748155
2021-04-01T00:00,2.3017118655996846E12,1.8578302037243938E12,-2.2919692152673355E10,-4327.541662172476,4981.956037451201,74.5347182584351
2021-04-01T00:00,2.3013379660000728E12,1.8582606447260295E12,-2.2913252353015827E10,-4328.562415239269,4981.132312565232,74.54488315415335
2021-04-01T00:00,2.300963978207396E12,1.8586910145578352E12,-2.290681167511131E10,-4329.583023468509,4980.308379509213,74.55504540416017
2021-04-01T00:00,2.3005899022341685E12,1.8591213132018247E12,-2.290037011918839E10,-4330.603486818747,4979.484238302384,74.56520500797946
2021-04-01T00:00,2.300215738092907E12,1.859551540640014E12,-2.28939276854757E10,-4331.62380524854,4978.65988896399,74.57536196513519
2021-04-01T00:00,2.299841485796134E12,1.8599816968544204E12,-2.2887484374201912E10,-4332.643978716445,4977.835331513281,74.58551627515136
2021-04-01T00:00,2.2994671453563726E12,1.8604117818270632E12,-2.2881040185595737E10,-4333.664007181027,4977.010565969515,74.59566793755204
2021-04-01T00:00,2.2990927167861523E12,1.860841795539963E12,-2.2874595119885933E10,-4334.683890600848,4976.185592351955,74.6058169518613
2021-04-01T00:00,2.2987182000980044E12,1.861271737975142E12,-2.2868149177301292E10,-4335.703628934476,4975.360410679872,74.61596331760329
2021-04-01T00:00,2.2983435953044644E12,1.8617016091146248E12,-2.2861702358070652E10,-4336.723222140483,4974.535020972541,74.62610703430218
2021-04-01T00:00,2.2979689024180713E12,1.8621314089404368E12,-2.285525466242289E10,-4337.742670177441,4973.709423249245,74.63624810148218
2021-04-01T00:00,2.297594121451368E12,1.8625611374346055E12,-2.284880609058692E10,-4338.761973003928,4972.883617529274,74.64638651866755
2021-04-01T00:00,2.2972192524169004E12,1.86299079457916E12,-2.284235664279171E10,-4339.7811305785235,4972.057603831921,74.65652228538261
2021-04-01T00:00,2.2968442953272183E12,1.863420380356131E12,-2.2835906319266254E10,-4340.80014285981,4971.231382176489,74.66665540115166
2021-04-01T00:00,2.296469250194875E12,1.8638498947475513E12,-2.2829455120239594E10,-4341.819009806374,4970.404952582286,74.6767858654991
2021-04-01T00:00,2.2960941170324277E12,1.8642793377354543E12,-2.2823003045940815E10,-4342.837731376804,4969.578315068625,74.68691367794933
2021-04-01T00:00,2.295718895852437E12,1.8647087093018762E12,-2.281655009659904E10,-4343.8563075296925,4968.751469654828,74.69703883802684
2021-04-01T00:00,2.2953435866674663E12,1.8651380094288545E12,-2.2810096272443436E10,-4344.874738223635,4967.924416360221,74.70716134525613
2021-04-01T00:00,2.294968189490084E12,1.865567238098428E12,-2.2803641573703205E10,-4345.893023417229,4967.097155204137,74.71728119916175
2021-04-01T00:00,2.294592704332861E12,1.8659963952926377E12,-2.2797186000607597E10,-4346.911163069078,4966.269686205918,74.7273983992683
2021-04-01T00:00,2.2942171312083716E12,1.866425480993526E12,-2.2790729553385902E10,-4347.929157137784,4965.4420093849085,74.73751294510043
2021-04-01T00:00,2.293841470129195E12,1.8668544951831367E12,-2.2784272232267445E10,-4348.9470055819575,4964.614124760462,74.74762483618285
2021-04-01T00:00,2.2934657211079126E12,1.867283437843516E12,-2.2777814037481598E10,-4349.9647083602085,4963.786032351937,74.75773407204031
2021-04-01T00:00,2.2930898841571104E12,1.8677123089567114E12,-2.2771354969257774E10,-4350.982265431152,4962.957732178701,74.7678406521976
2021-04-01T00:00,2.292713959289377E12,1.8681411085047717E12,-2.2764895027825424E10,-4351.999676753405,4962.129224260126,74.77794457617959
2021-04-01T00:00,2.2923379465173057E12,1.8685698364697478E12,-2.2758434213414043E10,-4353.016942285588,4961.30050861559,74.7880458435112
2021-04-01T00:00,2.291961845853492E12,1.8689984928336921E12,-2.2751972526253162E10,-4354.0340619863255,4960.4715852644795,74.7981444537174
2021-04-01T00:00,2.2915856573105366E12,1.869427077578659E12,-2.274550996657236E10,-4355.051035814244,4959.6424542261875,74.80824040632321
2021-04-01T00:00,2.2912093809010425E12,1.869855590686704E12,-2.2739046534601254E10,-4356.067863727973,4958.813115520113,74.81833370085373
2021-04-01T00:00,2.290833016637616E12,1.870284032139885E12,-2.27325822305695E10,-4357.084545686148,4957.983569165662,74.8284243368341
2021-04-01T00:00,2.290456564532869E12,1.870712401920261E12,-2.27261170547068E10,-4358.1010816474045,4957.153815182247,74.83851231378955
2021-04-01T00:00,2.290080024599415E12,1.8711407000098928E12,-2.2719651007242886E10,-4359.117471570382,4956.323853589288,74.84859763124533
2021-04-01T00:00,2.2897033968498716E12,1.871568926390843E12,-2.2713184088407547E10,-4360.133715413723,4955.493684406211,74.85868028872679
2021-04-01T00:00,2.28932668129686E12,1.8719970810451758E12,-2.27067162984306E10,-4361.149813136073,4954.663307652451,74.86876028575932
2021-04-01T00:00,2.288949877953005E12,1.872425163954957E12,-2.270024763754191E10,-4362.165764696081,4953.832723347447,74.87883762186839
2021-04-01T00:00,2.288572986830935E12,1.8728531751022542E12,-2.269377810597138E10,-4363.181570052399,4953.001931510647,74.88891229657949
2021-04-01T00:00,2.2881960079432827E12,1.8732811144691367E12,-2.2687307703948956E10,-4364.197229163683,4952.170932161505,74.89898430941822
2021-04-01T00:00,2.287818941302683E12,1.8737089820376755E12,-2.268083643170462E10,-4365.212741988589,4951.339725319483,74.90905365991024
2021-04-01T00:00,2.2874417869217754E12,1.874136777789943E12,-2.2674364289468403E10,-4366.228108485779,4950.508311004047,74.91912034758123
2021-04-01T00:00,2.287064544813202E12,1.874564501708014E12,-2.266789127747037E10,-4367.243328613916,4949.676689234674,74.92918437195695
2021-04-01T00:00,2.28668721498961E12,1.8749921537739639E12,-2.2661417395940636E10,-4368.258402331667,4948.8448600308475,74.93924573256324
2021-04-01T00:00,2.2863097974636484E12,1.8754197339698706E12,-2.265494264510934E10,-4369.273329597701,4948.012823412056,74.94930442892596
2021-04-01T00:00,2.285932292247971E12,1.8758472422778135E12,-2.264846702520668E10,-4370.288110370692,4947.180579397796,74.95936046057106
2021-04-01T00:00,2.2855546993552354E12,1.8762746786798735E12,-2.2641990536462887E10,-4371.302744609314,4946.348128007571,74.96941382702454
2021-04-01T00:00,2.285177018798101E12,1.8767020431581333E12,-2.263551317910823E10,-4372.317232272245,4945.515469260894,74.97946452781242
2021-04-01T00:00,2.284799250589233E12,1.8771293356946775E12,-2.2629034953373028E10,-4373.331573318166,4944.682603177282,74.98951256246083
2021-04-01T00:00,2.2844213947412983E12,1.877556556271592E12,-2.2622555859487633E10,-4374.345767705761,4943.84952977626,74.9995579304959
2021-04-01T00:00,2.2840434512669688E12,1.8779837048709646E12,-2.2616075897682438E10,-4375.359815393717,4943.016249077362,75.00960063144385
2021-04-01T00:00,2.283665420178919E12,1.8784107814748848E12,-2.260959506818788E10,-4376.373716340722,4942.182761100126,75.01964066483092
2021-04-01T00:00,2.283287301489827E12,1.8788377860654438E12,-2.260311337123444E10,-4377.387470505469,4941.3490658641,75.02967803018342
2021-04-01T00:00,2.2829090952123755E12,1.8792647186247346E12,-2.259663080705263E10,-4378.401077846651,4940.515163388839,75.03971272702769
2021-04-01T00:00,2.2825308013592495E12,1.8796915791348513E12,-2.2590147375873016E10,-4379.414538322966,4939.681053693904,75.04974475489014
2021-04-01T00:00,2.282152419943138E12,1.8801183675778904E12,-2.2583663077926193E10,-4380.427851893114,4938.846736798863,75.0597741132972
2021-04-01T00:00,2.2817739509767344E12,1.8805450839359497E12,-2.2577177913442806E10,-4381.441018515798,4938.012212723293,75.06980080177534
2021-04-01T00:00,2.2813953944727344E12,1.880971728191129E12,-2.2570691882653534E10,-4382.454038149722,4937.177481486776,75.0798248198511
2021-04-01T00:00,2.2810167504438384E12,1.8813983003255293E12,-2.25642049857891E10,-4383.466910753594,4936.342543108904,75.08984616705102
2021-04-01T00:00,2.2806380189027495E12,1.881824800321254E12,-2.255771722308027E10,-4384.479636286124,4935.5073976092735,75.09986484290172
2021-04-01T00:00,2.2802591998621743E12,1.8822512281604072E12,-2.2551228594757843E10,-4385.492214706026,4934.672045007491,75.10988084692984
2021-04-01T00:00,2.2798802933348237E12,1.882677583825096E12,-2.254473910105267E10,-4386.504645972014,4933.836485323168,75.11989417866204
2021-04-01T00:00,2.2795012993334116E12,1.883103867297428E12,-2.2538248742195633E10,-4387.516930042807,4933.000718575924,75.12990483762502
2021-04-01T00:00,2.279122217870656E12,1.883530078559513E12,-2.2531757518417664E10,-4388.529066877125,4932.164744785387,75.13991282334553
2021-04-01T00:00,2.2787430489592773E12,1.8839562175934624E12,-2.2525265429949726E10,-4389.541056433691,4931.328563971189,75.14991813535033
2021-04-01T00:00,2.2783637926120015E12,1.8843822843813894E12,-2.251877247702283E10,-4390.55289867123,4930.492176152974,75.15992077316625
2021-04-01T00:00,2.277984448841556E12,1.884808278905409E12,-2.251227865986803E10,-4391.56459354847,4929.65558135039,75.1699207363201
2021-04-01T00:00,2.2776050176606733E12,1.8852342011476377E12,-2.250578397871641E10,-4392.576141024142,4928.818779583093,75.17991802433873
2021-04-01T00:00,2.277225499082089E12,1.8856600510901936E12,-2.249928843379911E10,-4393.587541056979,4927.981770870745,75.18991263674904
2021-04-01T00:00,2.2768458931185415E12,1.8860858287151968E12,-2.2492792025347294E10,-4394.598793605715,4927.144555233018,75.19990457307793
2021-04-01T00:00,2.276466199782774E12,1.8865115340047688E12,-2.248629475359218E10,-4395.60989862909,4926.307132689589,75.20989383285233
2021-04-01T00:00,2.276086419087532E12,1.8869371669410332E12,-2.247979661876502E10,-4396.620856085842,4925.469503260143,75.2198804155992
2021-04-01T00:00,2.2757065510455664E12,1.887362727506115E12,-2.247329762109711E10,-4397.631665934715,4924.631666964373,75.22986432084554
2021-04-01T00:00,2.27532659566963E12,1.8877882156821406E12,-2.246679776081979E10,-4398.642328134453,4923.793623821978,75.23984554811831
2021-04-01T00:00,2.274946552972479E12,1.8882136314512388E12,-2.2460297038164433E10,-4399.652842643805,4922.955373852666,75.24982409694456
2021-04-01T00:00,2.2745664229668745E12,1.8886389747955396E12,-2.2453795453362457E10,-4400.663209421521,4922.116917076149,75.25979996685132
2021-04-01T00:00,2.2741862056655806E12,1.889064245697175E12,-2.244729300664532E10,-4401.673428426352,4921.27825351215,75.26977315736563
2021-04-01T00:00,2.2738059010813647E12,1.8894894441382786E12,-2.2440789698244526E10,-4402.683499617054,4920.439383180396,75.27974366801458
2021-04-01T00:00,2.273425509226998E12,1.8899145701009854E12,-2.243428552839161E10,-4403.693422952383,4919.600306100625,75.28971149832523
2021-04-01T00:00,2.273045030115255E12,1.8903396235674324E12,-2.2427780497318153E10,-4404.703198391099,4918.761022292578,75.29967664782471
2021-04-01T00:00,2.272664463758914E12,1.8907646045197585E12,-2.2421274605255783E10,-4405.712825891965,4917.921531776005,75.30963911604012
2021-04-01T00:00,2.272283810170757E12,1.891189512940104E12,-2.2414767852436157E10,-4406.722305413744,4917.081834570666,75.3195989024986
2021-04-01T00:00,2.271903069363569E12,1.8916143488106108E12,-2.240826023909098E10,-4407.731636915204,4916.241930696323,75.32955600672727
2021-04-01T00:00,2.271522241350139E12,1.892039112113423E12,-2.2401751765452E10,-4408.740820355113,4915.401820172749,75.3395104282533
2021-04-01T00:00,2.2711413261432603E12,1.892463802830686E12,-2.2395242431751E10,-4409.749855692244,4914.561503019722,75.34946216660386
2021-04-01T00:00,2.2707603237557285E12,1.8928884209445469E12,-2.2388732238219807E10,-4410.75874288537,4913.720979257029,75.35941122130609
2021-04-01T00:00,2.2703792342003433E12,1.8933129664371548E12,-2.2382221185090286E10,-4411.767481893268,4912.880248904464,75.3693575918872
2021-04-01T00:00,2.2699980574899077E12,1.8937374392906602E12,-2.237570927259435E10,-4412.776072674717,4912.039311981826,75.37930127787436
2021-04-01T00:00,2.2696167936372285E12,1.8941618394872153E12,-2.236919650096394E10,-4413.7845151884985,4911.198168508924,75.3892422787948
2021-04-01T00:00,2.269235442655116E12,1.8945861670089746E12,-2.2362682870431053E10,-4414.792809393395,4910.356818505572,75.3991805941757
2021-04-01T00:00,2.268854004556385E12,1.8950104218380935E12,-2.2356168381227715E10,-4415.8009552481935,4909.515261991592,75.40911622354429
2021-04-01T00:00,2.2684724793538516E12,1.8954346039567295E12,-2.2349653033586E10,-4416.808952711683,4908.673498986812,75.41904916642777
2021-04-01T00:00,2.2680908670603374E12,1.895858713347042E12,-2.2343136827738018E10,-4417.816801742653,4907.83152951107,75.42897942235338
2021-04-01T00:00,2.267709167688667E12,1.8962827499911917E12,-2.2336619763915928E10,-4418.824502299899,4906.9893535842075,75.43890699084835
2021-04-01T00:00,2.2673273812516685E12,1.8967067138713413E12,-2.2330101842351917E10,-4419.832054342216,4906.146971226077,75.44883187143992
2021-04-01T00:00,2.2669455077621733E12,1.8971306049696553E12,-2.2323583063278225E10,-4420.839457828402,4905.304382456534,75.45875406365533
2021-04-01T00:00,2.266563547233017E12,1.8975544232682996E12,-2.2317063426927124E10,-4421.846712717259,4904.461587295445,75.46867356702184
2021-04-01T00:00,2.266181499677038E12,1.897978168749442E12,-2.2310542933530933E10,-4422.853818967588,4903.61858576268,75.47859038106668
2021-04-01T00:00,2.265799365107079E12,1.8984018413952517E12,-2.230402158332201E10,-4423.860776538197,4902.775377878118,75.48850450531712
2021-04-01T00:00,2.2654171435359863E12,1.8988254411879004E12,-2.229749937653275E10,-4424.867585387893,4901.931963661646,75.49841593930043
2021-04-01T00:00,2.265034834976609E12,1.8992489681095608E12,-2.229097631339559E10,-4425.874245475487,4901.088343133155,75.50832468254386
2021-04-01T00:00,2.2646524394418E12,1.8996724221424075E12,-2.228445239414302E10,-4426.880756759794,4900.244516312547,75.51823073457469
2021-04-01T00:00,2.2642699569444155E12,1.900095803268617E12,-2.2277927619007553E10,-4427.887119199628,4899.400483219727,75.52813409492018
2021-04-01T00:00,2.263887387497317E12,1.9005191114703672E12,-2.2271401988221752E10,-4428.893332753807,4898.556243874611,75.5380347631076
2021-04-01T00:00,2.263504731113367E12,1.900942346729838E12,-2.226487550201822E10,-4429.899397381153,4897.711798297119,75.54793273866426
2021-04-01T00:00,2.2631219878054336E12,1.9013655090292107E12,-2.2258348160629597E10,-4430.905313040489,4896.867146507178,75.55782802111742
2021-04-01T00:00,2.2627391575863867E12,1.901788598350669E12,-2.225181996428857E10,-4431.911079690642,4896.022288524726,75.56772060999437
2021-04-01T00:00,2.2623562404691016E12,1.9022116146763975E12,-2.2245290913227867E10,-4432.916697290439,4895.177224369702,75.5776105048224
2021-04-01T00:00,2.2619732364664556E12,1.902634557988583E12,-2.2238761007680252E10,-4433.922165798712,4894.331954062058,75.58749770512883
2021-04-01T00:00,2.2615901455913306E12,1.903057428269414E12,-2.223223024787853E10,-4434.927485174295,4893.486477621748,75.59738221044093
2021-04-01T00:00,2.2612069678566113E12,1.9034802255010806E12,-2.2225698634055546E10,-4435.932655376024,4892.640795068736,75.60726402028601
2021-04-01T00:00,2.260823703275187E12,1.9039029496657744E12,-2.2219166166444195E10,-4436.937676362738,4891.794906422992,75.6171431341914
