Name=venus
Mass=4.8685E24
Radius=6051840.0
Image_Path=/src/main/java/misc/venusScaled.png
Icon_Path=/src/main/java/misc/venusIcon.png
Start_Time=2021-04-01T00:00
End_Time=2021-04-01T00:00
No_of_Steps=367
$SOE
2021-04-01T00:00,-9.435345478592035E10,5.35035955103367E10,6.131453014410347E9,-17264.04287724406,-30734.32518238123,5.741783385280979E-4
2021-04-01T00:00,-9.584506809051424E10,5.0848149814578964E10,6.131453064019356E9,-16399.862197891413,-31217.976949441065,-56.50488494884088
2021-04-01T00:00,-9.726201618441205E10,4.8150916606147255E10,6.126571041959776E9,-15523.0829923959,-31676.53302853293,-112.93594900720404
2021-04-01T00:00,-9.860321055495505E10,4.541406415248201E10,6.116813375965553E9,-14634.439318565323,-32109.66781577537,-169.24700127452613
2021-04-01T00:00,-9.986762611207909E10,4.263978885319902E10,6.102190435055434E9,-13734.675371141004,-32517.077001868514,-225.39251568258265
2021-04-01T00:00,-1.0105430206414568E11,3.983031340023758E10,6.0827165217004595E9,-12824.544876928816,-32898.47803847004,-281.3270999392891
2021-04-01T00:00,-1.0216234274151233E11,3.698788489771377E10,6.058409860265705E9,-11904.810460851822,-33253.61058719281,-337.00553961186716
2021-04-01T00:00,-1.0319091836532993E11,3.411477294298031E10,6.02929258164324E9,-10976.242983420314,-33582.236949256796,-392.38284309139937
2021-04-01T00:00,-1.0413926575909744E11,3.121326767056452E10,5.995390704000143E9,-10039.620850249143,-33884.1424738356,-447.41428735266913
2021-04-01T00:00,-1.0500668900055898E11,2.8285677760825127E10,5.956734109572872E9,-9095.729294387806,-34159.13594315429,-502.05546441690683
2021-04-01T00:00,-1.0579256001159409E11,2.5334328415336597E10,5.913356517447251E9,-8145.359632364999,-34407.049932422095,-556.2623284190223
2021-04-01T00:00,-1.0649631908383043E11,2.2361559301175327E10,5.865295452271848E9,-7189.308494985662,-34627.741142719766,-609.9912431751376
2021-04-01T00:00,-1.071174753377972E11,1.936972246644434E10,5.812592208861516E9,-6228.3770340539695,-34821.09070500781,-663.1990301407908
2021-04-01T00:00,-1.0765560711353946E11,1.6361180229531666E10,5.7552918126573515E9,-5263.3701063296285,-34987.00445347868,-715.8430166451051
2021-04-01T00:00,-1.0811036229072633E11,1.3338303044751108E10,5.693442976019215E9,-4295.095436156313,-35125.41316654268,-767.8810842815408
2021-04-01T00:00,-1.0848145853641023E11,1.030346734716182E10,5.62709805033729E9,-3324.3627583292614,-35236.27277381467,-819.2717173316264
2021-04-01T00:00,-1.0876868347872987E11,7.259053379504232E9,5.556312973959837E9,-2351.9829428931735,-35319.56452755556,-869.9740510943228
2021-04-01T00:00,-1.0897189480499585E11,4.207443004323432E9,5.481147215945288E9,-1378.7671036806364,-35375.295137119865,-919.9479199904584
2021-04-01T00:00,-1.0909102028275386E11,1.1510175044762754E9,5.401663715658113E9,-405.52569251459613,-35403.496865067114,-969.1539053090177
2021-04-01T00:00,-1.0912605770258713E11,-1.907844624665523E9,5.317928818239413E9,566.9324188950285,-35404.22758371072,-1017.5533824599958
2021-04-01T00:00,-1.090770747415946E11,-4.966769887898129E9,5.230012205994869E9,1537.8008672313842,-35377.57079100283,-1065.108567597088
2021-04-01T00:00,-1.0894420874666582E11,-8.023392004240774E9,5.13798682575448E9,2506.2767338074073,-35323.63558478647,-1111.7825634726787
2021-04-01T00:00,-1.0872766643686485E11,-1.1075354118766325E10,5.041928812270441E9,3471.5614864575,-35242.556594587244,-1157.5394043874583
2021-04-01T00:00,-1.0842772352443492E11,-1.4120311008538662E10,4.941917407731364E9,4432.861924710501,-35134.49387026431,-1202.344100097546
2021-04-01T00:00,-1.0804472425413994E11,-1.7155931278929499E10,4.838034877482936E9,5389.391125808742,-34999.63272699471,-1246.1626785432368
2021-04-01T00:00,-1.0757908086087006E11,-2.017989954654184E10,4.7303664220568E9,6340.369389087491,-34838.18354622441,-1288.9622272654349
2021-04-01T00:00,-1.070312729456529E11,-2.318991860493563E10,4.619000085621066E9,7285.025176190158,-34650.3815323839,-1330.7109333784929
2021-04-01T00:00,-1.0640184677043007E11,-2.61837115693336E10,4.504026660977164E9,8222.596044567701,-34436.48642533354,-1371.3781219715174
2021-04-01T00:00,-1.0569141447217941E11,-2.9159023996482418E10,4.385539591238825E9,9152.329571696177,-34196.78216867506,-1410.9342928142592
2021-04-01T00:00,-1.0490065319718486E11,-3.211362597585594E10,4.263634868339673E9,10073.484267444517,-33931.576534237436,-1449.3511552484247
2021-04-01T00:00,-1.0403030415647766E11,-3.5045314188414055E10,4.1384109285262094E9,10985.330472035668,-33641.2007032185,-1486.6016611506377
2021-04-01T00:00,-1.0308117160369379E11,-3.7951913929172134E10,4.0099685450027943E9,11887.151237068229,-33326.008804636316,-1522.660035859301
2021-04-01T00:00,-1.020541217368111E11,-4.0831281089892715E10,3.8784107179045506E9,12778.243187102793,-32986.37741191524,-1557.5018069642435
2021-04-01T00:00,-1.0095008152544542E11,-4.368130409828219E10,3.74384256178284E9,13657.917359367048,-32622.704998600275,-1591.1038308652426
2021-04-01T00:00,-9.97700374655961E10,-4.6499905810161255E10,3.606371190796083E9,14525.500019196366,-32235.41135435823,-1623.4443170132474
2021-04-01T00:00,-9.851503426393753E10,-4.92850453511778E10,3.4661056018061385E9,15380.333448901636,-31824.936962584263,-1654.502849756365
2021-04-01T00:00,-9.718617345395242E10,-5.203471990474509E10,3.3231565555871887E9,16221.77670784315,-31391.742341087018,-1684.2604077213398
2021-04-01T00:00,-9.578461194639478E10,-5.474696644301501E10,3.177636456360065E9,17049.20636158803,-30936.307347473317,-1712.6993806703276
2021-04-01T00:00,-9.431156051675357E10,-5.74198633978367E10,3.0296592298701487E9,17862.017178138234,-30459.13045099337,-1739.8035837821667
2021-04-01T00:00,-9.276828223256242E10,-6.005153226880253E10,2.8793402002313695E9,18659.622789336143,-29960.727972739147,-1765.558269317038
2021-04-01T00:00,-9.115609082356378E10,-6.2640139165647194E10,2.7267959657623773E9,19441.456315684205,-29441.633296210675,-1789.9501356333126
2021-04-01T00:00,-8.947634899788867E10,-6.51838962824398E10,2.572144274043659E9,20206.97095295341,-28902.396050377083,-1812.9673335354603
2021-04-01T00:00,-8.77304667075535E10,-6.7681063301192375E10,2.4155038964261956E9,20955.64051910151,-28343.581267460533,-1834.599469942054
2021-04-01T00:00,-8.591989936670312E10,-7.012994872270096E10,2.256994502223202E9,21686.959960174994,-27765.76851776105,-1854.8376088731163
2021-04-01T00:00,-8.404614602614401E10,-7.252891112263551E10,2.096736532816565E9,22400.445814027833,-27169.551023918302,-1873.674269766227
2021-04-01T00:00,-8.211074750781201E10,-7.487636033110205E10,1.934851075908763E9,23095.63663085404,-26555.534757072222,-1891.1034231408862
2021-04-01T00:00,-8.011528450290622E10,-7.71707585341131E10,1.7714597401493905E9,23772.093349698782,-25924.337517437612,-1907.1204836405511
2021-04-01T00:00,-7.806137563749225E10,-7.94106212956197E10,1.6066845303628469E9,24429.399630283406,-25276.588001848395,-1921.7223004914608
2021-04-01T00:00,-7.595067550943576E10,-8.15945184989794E10,1.4406477236003847E9,25067.162139651806,-24612.924860854917,-1934.9071454267628
2021-04-01T00:00,-7.378487270056984E10,-8.372107520695726E10,1.2734717462355125E9,25685.01079331834,-23933.995747972578,-1946.6746981335111
2021-04-01T00:00,-7.156568776802713E10,-8.578897243958209E10,1.1052790523167772E9,26282.598950769534,-23240.45636368225,-1957.0260292887401
2021-04-01T00:00,-6.929487121868065E10,-8.779694786940424E10,9.361920033862301E8,26859.60356534223,-22532.96949677255,-1965.9635812589725
2021-04-01T00:00,-6.697420147063508E10,-8.974379643392538E10,7.663327499654548E8,27415.725288668455,-21812.20406559144,-1973.491146545147
2021-04-01T00:00,-6.460548280569412E10,-9.162837086519249E10,5.958231149039541E8,27950.688530041152,-21078.834161739866,-1979.6138440619845
2021-04-01T00:00,-6.219054331669857E10,-9.344958213676682E10,4.247844787769987E8,28464.241471213903,-20333.538098694255,-1984.3380933472017
2021-04-01T00:00,-5.9731232853585686E10,-9.5206399828494E10,2.5333766751180047E8,28956.1560373012,-19576.997467787096,-1987.6715868017152
2021-04-01T00:00,-5.722942097196286E10,-9.689785240971082E10,8.160284241213226E7,29426.227824592504,-18809.89620390718,-1989.6232600669775
2021-04-01T00:00,-5.468699488791807E10,-9.85230274417284E10,-9.03006072576546E7,29874.275986232948,-18032.919663203047,-1990.2032606498922
2021-04-01T00:00,-5.210585744270754E10,-1.0008107170062914E11,-2.622541689778053E8,30300.14307685494,-17246.753714985643,-1989.4229149093112
2021-04-01T00:00,-4.948792508086728E10,-1.015711912216039E11,-4.341403088259698E8,30703.694857368082,-16452.083849929997,-1987.294693520988
2021-04-01T00:00,-4.6835125845190674E10,-1.0299265126623785E11,-6.058425703461832E8,31084.82006122893,-15649.594306571043,-1983.8321755400357
2021-04-01T00:00,-4.41493973919005E10,-1.0434477621432559E11,-7.772456703128422E8,31443.430123617094,-14839.967217976864,-1979.0500111815122
2021-04-01T00:00,-4.143268502921998E10,-1.0562694938195879E11,-9.48235591278925E8,31779.458875039887,-14023.881780363834,-1972.9638834407551
2021-04-01T00:00,-3.8686939782416534E10,-1.0683861276778223E11,-1.118699670808206E9,32092.862200973814,-13202.013445293851,-1965.590468675613
2021-04-01T00:00,-3.5914116488252396E10,-1.0797926672945561E11,-1.288526687301779E9,32383.61766922816,-12375.033136964577,-1956.9473962728368
2021-04-01T00:00,-3.311617192163108E10,-1.0904846959248935E11,-1.4576069423397522E9,32651.724126783265,-11543.60649597071,-1947.0532075206781
2021-04-01T00:00,-3.0295062957077007E10,-1.1004583719374123E11,-1.6258323394695387E9,32897.20126791437,-10708.393150778766,-1935.9273138092337
2021-04-01T00:00,-2.7452744767529205E10,-1.109710423619685E11,-1.7930964593826566E9,33120.089175460904,-9870.046018020923,-1923.5899542793356
2021-04-01T00:00,-2.4591169062769382E10,-1.118238143379255E11,-1.9592946314323912E9,33320.44783714089,-9029.210632576189,-1910.0621530397866
2021-04-01T00:00,-2.171228236964041E10,-1.126039381365801E11,-2.1243240014550288E9,33498.356638841076,-8186.524508270818,-1895.3656760714937
2021-04-01T00:00,-1.881802435604454E10,-1.133112538540947E11,-2.2880835958676057E9,33653.913836834756,-7342.616529895342,-1879.5229879354758
2021-04-01T00:00,-1.5910326200542017E10,-1.1394565592227765E11,-2.450474382025231E9,33787.2360108919,-6498.1063771038625,-1862.5572083997838
2021-04-01T00:00,-1.2991109009200956E10,-1.1450709231325943E11,-2.611399324830972E9,33898.45750024921,-5653.603980633007,-1844.4920690979736
2021-04-01T00:00,-1.0062282281179424E10,-1.1499556369718613E11,-2.770763439601037E9,33987.72982440194,-4809.709011153764,-1825.351870328873
2021-04-01T00:00,-7.125742424351097E9,-1.1541112255574982E11,-2.9284738411974516E9,34055.22109066423,-3967.010400949719,-1805.161438103911
2021-04-01T00:00,-4.1833713221177077E9,-1.1575387225439188E11,-3.0844397894496293E9,34101.11539042103,-3126.0858985002315,-1783.9460815442403
2021-04-01T00:00,-1.2370349523853307E9,-1.160239660760223E11,-3.2385727308950515E9,34125.612185962374,-2287.501655936956,-1761.7315507252665
2021-04-01T00:00,1.7114179404818187E9,-1.1622160621909525E11,-3.3907863368777146E9,34128.925689750795,-1451.811849236964,-1738.5439950610607
2021-04-01T00:00,4.660157120076287E9,-1.1634704276286932E11,-3.54099653805099E9,34111.28423792524,-619.5583309155566,-1714.409922315545
2021-04-01T00:00,7.607372078233028E9,-1.1640057260266043E11,-3.689121555339053E9,34072.929659791014,208.72968511322927,-1689.356158321396
2021-04-01T00:00,1.0551273200838972E10,-1.1638253835786665E11,-3.8350819274180217E9,34014.116644985574,1032.5359069303368,-1663.409807481415
2021-04-01T00:00,1.3490092878965725E10,-1.1629332725550787E11,-3.9788005347844157E9,33935.11210994535,1851.3572167661928,-1636.598214120774
2021-04-01T00:00,1.6422086565265003E10,-1.1613336999197928E11,-4.1202026204844503E9,33836.194565230195,2664.703892501775,-1608.948924752171
2021-04-01T00:00,1.9345533775700893E10,-1.1590313957566713E11,-4.259215807583038E9,33717.65348518962,3472.0997991756176,-1580.4896513096041
2021-04-01T00:00,2.2258739036821278E10,-1.1560315015301836E11,-4.395770113456187E9,33579.78868138061,4273.0825512239735,-1551.2482354002611
2021-04-01T00:00,2.5160032778892563E10,-1.152339558205926E11,-4.52979796099477E9,33422.9096810696,5067.2036462432525,-1521.2526136180131
2021-04-01T00:00,2.8047772175336975E10,-1.1479614942555719E11,-4.661234186811366E9,33247.3351120733,5854.028571119703,-1490.5307839561904
2021-04-01T00:00,3.0920341929020107E10,-1.1429036135701245E11,-4.790016046545181E9,33053.39209511386,6633.136881421073,-1459.1107733517674
2021-04-01T00:00,3.3776155006037945E10,-1.1371725833045767E11,-4.916083217362774E9,32841.415644784254,7404.122254988557,-1427.020606387785
2021-04-01T00:00,3.661365331774731E10,-1.1307754216762666E11,-5.039377797754679E9,32611.748080140515,8166.592520704879,-1394.2882751757995
2021-04-01T00:00,3.9431308351871445E10,-1.1237194857383777E11,-5.159844304729868E9,32364.73844585799,8920.169663445828,-1360.9417104353731
2021-04-01T00:00,4.2227621753593575E10,-1.1160124591491605E11,-5.277429668511484E9,32100.741944810674,9664.489806248252,-1327.0087537830889
2021-04-01T00:00,4.500112585762521E10,-1.107662339956562E11,-5.392083224838343E9,31820.119382855068,10399.203170747487,-1292.5171312392993
2021-04-01T00:00,4.7750384172303894E10,-1.0986774284170363E11,-5.503756704977418E9,31523.236626524063,11123.974016951766,-1257.49442795677
2021-04-01T00:00,5.047399181683557E10,-1.0890663148663899E11,-5.612404223552883E9,31210.464074261756,11838.480563430541,-1221.9680641715734
2021-04-01T00:00,5.317057591285178E10,-1.0788378676595859E11,-5.717982264297307E9,30882.176141757445,12542.414888998173,-1185.9652723729962
2021-04-01T00:00,5.5838795931499626E10,-1.0680012211954915E11,-5.820449663830334E9,30538.750761866424,13235.48281697438,-1149.5130756858687
2021-04-01T00:00,5.847734399732488E10,-1.0565657640416257E11,-5.919767593569592E9,30180.568899536607,13917.403783098445,-1112.6382674555664
2021-04-01T00:00,6.108494515024484E10,-1.0445411271730286E11,-6.015899539877753E9,29808.014082094134,14587.910688165968,-1075.3673920230108
2021-04-01T00:00,6.3660357566937775E10,-1.0319371723384532E11,-6.108811282548541E9,29421.47194517745,15246.749736444903,-1037.7267266742706
2021-04-01T00:00,6.620237274300111E10,-1.0187639805661649E11,-6.198470871733198E9,29021.329794548605,15893.680260912432,-999.7422647468585
2021-04-01T00:00,6.870981563725011E10,-1.0050318408207365E11,-6.284848603407327E9,28607.9761839524,16528.474536335892,-961.4396998725098
2021-04-01T00:00,7.11815447795436E10,-9.907512388213423E10,-6.367916993476312E9,28181.800509138906,17150.9175812,-922.8444113341347
2021-04-01T00:00,7.36164523435332E10,-9.759328460311855E10,-6.447650750615581E9,27743.192618112498,17760.806949459122,-883.9814505127353
2021-04-01T00:00,7.601346418573813E10,-9.605875088268527E10,-6.524026747939881E9,27292.54243762136,18357.95251306785,-844.8755283983752
2021-04-01T00:00,7.837153985234862E10,-9.447262378555621E10,-6.597023993593501E9,26830.239615855087,18942.176236215622,-805.5510041377844
2021-04-01T00:00,8.06896725551585E10,-9.283601975874718E10,-6.666623600351006E9,26356.6731812747,19513.311942162123,-766.0318745898512
2021-04-01T00:00,8.296688911802063E10,-9.115006960694437E10,-6.732808754315569E9,25872.23121745908,20071.205073539724,-726.3417648591156
2021-04-01T00:00,8.520224989520909E10,-8.941591748859053E10,-6.7955646827993965E9,25377.300553814566,20615.712446957747,-686.5039197764067
2021-04-01T00:00,8.739484866305867E10,-8.763471993317339E10,-6.854878621468078E9,24872.266471959858,21146.702002710805,-646.5411962949611
2021-04-01T00:00,8.954381248623601E10,-8.580764488013918E10,-6.910739780827962E9,24357.512427567017,21664.052550360386,-606.4760567697192
2021-04-01T00:00,9.16483015599778E10,-8.393587073978804E10,-6.963139312132866E9,23833.419787410392,22167.653510925164,-566.330563086999
2021-04-01T00:00,9.370750902961006E10,-8.20205854764441E10,-7.012070272783583E9,23300.367581349383,22657.40465638154,-526.1263716113963
2021-04-01T00:00,9.572066078863864E10,-8.006298571413274E10,-7.057527591290808E9,22758.732268947464,23133.215847141848,-485.8847289165467
2021-04-01T00:00,9.76870152566757E10,-7.806427586493968E10,-7.099508031869197E9,22208.887520409073,23595.006768143492,-445.6264682662878
2021-04-01T00:00,9.960586313843906E10,-7.602566728017209E10,-7.138010158727405E9,21651.20401149747,24042.70666414835,-405.3720068127915
2021-04-01T00:00,1.0147652716503244E11,-7.394837742438966E10,-7.17303430011603E9,21086.049232080688,24476.25407481812,-365.14134347836625
2021-04-01T00:00,1.032983618186842E11,-7.183362907232538E10,-7.20458251219256E9,20513.78730793873,24895.596570097954,-324.95405748786743
2021-04-01T00:00,1.050707530420901E11,-6.968264952866891E10,-7.232658542759512E9,19934.778835453544,25300.69048640806,-284.82930751897567
2021-04-01T00:00,1.0679311793347328E11,-6.749666987064326E10,-7.257267794929152E9,19349.380728793512,25691.50066411065,-244.78583143801782
2021-04-01T00:00,1.0846490442844104E11,-6.52769242132641E10,-7.278417290765396E9,18757.946079196427,26068.000186688278,-204.84194658948638
2021-04-01T00:00,1.1008559096968361E11,-6.302464899713423E10,-7.296115634950727E9,18160.824025948852,26430.170122038835,-165.01555060797017
2021-04-01T00:00,1.1165468616552559E11,-6.074108229859007E10,-7.310372978523256E9,17558.359638655504,26777.999266262566,-125.32412272182147
2021-04-01T00:00,1.1317172843830542E11,-5.8427463161984985E10,-7.321200982726421E9,16950.893810389356,27111.483890287553,-85.78472551855413
2021-04-01T00:00,1.1463628566352306E11,-5.608503095386414E10,-7.328612783011225E9,16338.763161311994,27430.627489651986,-46.41400714268127
2021-04-01T00:00,1.1604795480066042E11,-5.371502473875821E10,-7.332622953228353E9,15722.299952353644,27735.440537734477,-7.2282038974575755
2021-04-01T00:00,1.1740636151654378E11,-5.131868267629795E10,-7.333247470045093E9,15101.832008543635,28025.940242697514,31.75685677721961
2021-04-01T00:00,1.1871115980208195E11,-4.889724143932889E10,-7.330503677619541E9,14477.682651584404,28302.15030838416,70.52575297767706
2021-04-01T00:00,1.1996203158317885E11,-4.6451935652684494E10,-7.32441025256227E9,13850.170641265631,28564.100699383995,109.06346468618537
2021-04-01T00:00,1.211586863265842E11,-4.398399735225771E10,-7.314987169213384E9,13219.610125319483,28811.827410461297,147.35536982275613
2021-04-01T00:00,1.223008606414118E11,-4.149465546399386E10,-7.302255665260697E9,12586.31059732319,29045.37224051653,185.38724002336778
2021-04-01T00:00,1.2338831787702052E11,-3.898513530241323E10,-7.286238207722678E9,11950.576862261212,29264.782571231295,223.14523616808813
2021-04-01T00:00,1.2442084771791989E11,-3.645665808825885E10,-7.266958459317756E9,11312.709009365959,29470.111150527024,260.61590368167333
2021-04-01T00:00,1.2539826577632912E11,-3.3910440484853317E10,-7.244441245239659E9,10673.002391863378,29661.415880948884,297.7861676283338
2021-04-01T00:00,1.2632041318298611E11,-3.1347694152739334E10,-7.218712520356571E9,10031.747613257534,29838.759613068527,334.64332762146944
2021-04-01T00:00,1.2718715617677156E11,-2.876962532217021E10,-7.189799336850077E9,9389.230519796696,30002.209943982518,371.17505256829384
2021-04-01T00:00,1.2799838569368199E11,-2.6177434383010124E10,-7.157729812308176E9,8745.732198772092,30151.8390209674,407.36937526839216
2021-04-01T00:00,1.287540169556559E11,-2.357231549159854E10,-7.1225330982849865E9,8101.528982309593,30287.723350337554,443.21468688439256
2021-04-01T00:00,1.2945398905972745E11,-2.0955456194129375E10,-7.084239349338175E9,7456.892456323922,30409.94361153797,478.6997313020779
2021-04-01T00:00,1.3009826456795383E11,-1.8328037066092495E10,-7.042879692553676E9,6812.089474314478,30518.584476491065,513.8135993964279
2021-04-01T00:00,1.3068682909853459E11,-1.5691231367323668E10,-6.9984861975658245E9,6167.382175691642,30613.73443420451,548.5457232192574
2021-04-01T00:00,1.3121969091851434E11,-1.3046204712208397E10,-6.95109184707968E9,5523.028008332239,30695.485620635678,582.8858701233158
2021-04-01T00:00,1.3169688053843425E11,-1.0394114754585474E10,-6.900730507901026E9,4879.279755072743,30763.933653797856,616.8241368369232
2021-04-01T00:00,1.3211845030927254E11,-7.736110886897339E9,-6.847436902478315E9,4236.385563858801,30819.177474083655,650.3509435024565
2021-04-01T00:00,1.3248447402198994E11,-5.073333953136511E9,-6.791246580959703E9,3594.588981279557,30861.319189772054,683.4570276912532
2021-04-01T00:00,1.327950465099725E11,-2.4069159751402054E9,-6.7321958937671795E9,2954.1289892252294,30890.46392767731,716.1334384067775
2021-04-01T00:00,1.3305028325464157E11,2.6202010821111393E8,-6.670321964688834E9,2315.2400444162295,30906.71968889041,748.3715300871933
2021-04-01T00:00,1.3325031999447913E11,2.9323606893312454E9,-6.605662664489301E9,1678.1521205618933,30910.197209556896,780.1629566178113
2021-04-01T00:00,1.3339531233769568E11,5.603001728236961E9,-6.538256585037521E9,1043.0907529165547,30901.009826628506,811.4996653632224
2021-04-01T00:00,1.3348543537874767E11,8.272848977257664E9,-6.468143013950139E9,410.2770850102206,30879.273348520615,842.3738912282957
2021-04-01T00:00,1.3352088331889255E11,1.0940818194569845E10,-6.395361909748014E9,-220.07208265949635,30845.105930602156,872.7781507566073
2021-04-01T00:00,1.3350186909095076E11,1.3605835346973871E10,-6.319953877522644E9,-847.7442421782775,30798.627955440425,902.7052362742429
2021-04-01T00:00,1.3342862398842656E11,1.6266836802323925E10,-6.241960145108549E9,-1472.531126204221,30739.961917719775,932.1482100862936
2021-04-01T00:00,1.3330139729912251E11,1.8922769512014915E10,-6.161422539757093E9,-2094.2286545830234,30669.232313747634,961.1003987334732
2021-04-01T00:00,1.3312045594336655E11,2.157259118392271E10,-6.078383465306521E9,-2712.6368797643618,30586.565535456975,989.5553873150208
2021-04-01T00:00,1.3288608411695491E11,2.421527044618619E10,-5.992885879842504E9,-3327.55993118937,30492.089768817965,1017.5070138831903
2021-04-01T00:00,1.3259858293890015E11,2.6849787002212063E10,-5.904973273842996E9,-3938.805958811514,30385.934896564137,1044.9493639151858
2021-04-01T00:00,1.3225827010405884E11,2.9475131777275204E10,-5.814689648800724E9,-4546.187075903914,30268.232405137096,1071.8767648675043
2021-04-01T00:00,1.3186547954070074E11,3.209030705707905E10,-5.722079496316172E9,-5149.519301298706,30139.115295752646,1098.2837808171969
2021-04-01T00:00,1.3142056107306854E11,3.469432661863208E10,-5.627187777653565E9,-5748.622501196644,29998.717999489945,1124.1652071941674
2021-04-01T00:00,1.3092388008896515E11,3.728621585378801E10,-5.530059903751989E9,-6343.320330677998,29847.176296304242,1149.5160656082523
2021-04-01T00:00,1.3037581721239458E11,3.98650118857887E10,-5.430741715683436E9,-6933.440175038809,29684.627237863075,1174.3315987744536
2021-04-01T00:00,1.2977676798127122E11,4.242976367914007E10,-5.329279465549324E9,-7518.813091069915,29511.209074105263,1198.6072655393566
2021-04-01T00:00,1.2912714253020279E11,4.497953214314276E10,-5.225719797806724E9,-8099.273748389652,29327.06118342186,1222.3387360114327
2021-04-01T00:00,1.2842736527834192E11,4.751339022939041E10,-5.120109731015336E9,-8674.660370934947,29132.324006358143,1245.5218867976168
2021-04-01T00:00,1.2767787462229314E11,5.003042302353976E10,-5.012496639996022E9,-9244.814678709525,28927.13898273587,1268.1527963482572
2021-04-01T00:00,1.2687912263405263E11,5.252972783164813E10,-4.902928238391533E9,-9809.581829882212,28711.64849209546,1290.2277404122585
2021-04-01T00:00,1.260315747639508E11,5.501041426136518E10,-4.791452561619914E9,-10368.810363322824,28485.99579735815,1311.7431876039784
2021-04-01T00:00,1.2513570954855971E11,5.747160429825693E10,-4.67811795021093E9,-10922.352141657808,28250.32499160885,1332.6957950831925
2021-04-01T00:00,1.2419201832352048E11,5.991243237753193E10,-4.562973033515742E9,-11470.062294922802,28004.780947901232,1353.0824043492134
2021-04-01T00:00,1.2320100494123915E11,6.2332045451430595E10,-4.44606671377997E9,-12011.799164884394,27749.509271987423,1372.9000371500333
2021-04-01T00:00,1.2216318549339314E11,6.472960305253031E10,-4.327448150570208E9,-12547.424250098768,27484.65625787568,1392.145891507155
2021-04-01T00:00,1.2107908803818462E11,6.710427735321077E10,-4.207166745543989E9,-13076.802151770482,27210.36884612048,1410.8173378565914
2021-04-01T00:00,1.1994925233227165E11,6.945525322151558E10,-4.0852721275531797E9,-13599.80052047046,26926.794584750693,1428.9119153063295
2021-04-01T00:00,1.1877422956730301E11,7.178172827363805E10,-3.961814138070713E9,-14116.290003768205,26634.08159274255,1446.4273280103964
2021-04-01T00:00,1.1755458211097743E11,7.4082912923251E10,-3.836842816930615E9,-14626.14419482945,26332.37852594565,1463.3614416595037
2021-04-01T00:00,1.1629088325254417E11,7.635803042789272E10,-3.710408388371234E9,-15129.239582026841,26021.83454537131,1479.7122800881075
2021-04-01T00:00,1.1498371695265706E11,7.86063169326128E10,-3.5825612473716216E9,-15625.45549960772,25702.599287754132,1495.4780219975846
2021-04-01T00:00,1.1363367759749095E11,8.082702151107475E10,-3.4533519462710304E9,-16114.674079459879,25374.822838298966,1510.656997795102
2021-04-01T00:00,1.1224136975702562E11,8.301940620430379E10,-3.322831181661534E9,-16596.780204012928,25038.655705526824,1525.2476865476388
2021-04-01T00:00,1.108074079473989E11,8.51827460572613E10,-3.191049781543818E9,-17071.661460310046,24694.24879813487,1539.2487130505162
2021-04-01T00:00,1.093324163972281E11,8.731632915342017E10,-3.0580586927362533E9,-17539.208095282003,24341.753403786894,1552.6588450096865
2021-04-01T00:00,1.0781702881779575E11,8.941945664750735E10,-2.923908968527416E9,-17999.312972252694,23981.32116975225,1565.476990336943
2021-04-01T00:00,1.0626188817699312E11,9.149144279657394E10,-2.7886517565623045E9,-18451.871528702923,23613.104085312614,1577.7021945571269
2021-04-01T00:00,1.046676464769132E11,9.353161498954495E10,-2.6523382869525685E9,-18896.781735316723,23237.254465857386,1589.3336383263288
2021-04-01T00:00,1.0303496453498183E11,9.553931377539503E10,-2.515019860601174E9,-19333.944056332282,22853.924938589957,1600.3706350600046
2021-04-01T00:00,1.0136451176851472E11,9.75138928900892E10,-2.3767478377319894E9,-19763.26141121735,22463.26842976851,1610.812628669865
2021-04-01T00:00,9.965696598258554E10,9.94547192824212E10,-2.237573626614913E9,-20184.63913768698,22065.438153406394,1620.659191408331
2021-04-01T00:00,9.791301316108939E10,1.0136117313887552E11,-2.0975486724772332E9,-20597.984956079556,21660.58760135846,1629.9100218192896
2021-04-01T00:00,9.613334726088411E10,1.0323264790763289E11,-1.9567244465920465E9,-21003.20893510519,21248.870534721133,1638.5649427938347
2021-04-01T00:00,9.431867000889102E10,1.050685503218328E11,-1.8151524355346591E9,-21400.223458978853,20830.440976475256,1646.6238997296234
2021-04-01T00:00,9.246969070203525E10,1.0686830042220026E11,-1.6728841305980196E9,-21788.943195948978,20405.453205302078,1654.0869587924358
2021-04-01T00:00,9.058712600990526E10,1.0863133157913835E11,-1.5299710173583531E9,-22169.285068230707,19974.061750503948,1660.9543052784825
2021-04-01T00:00,8.867169978001013E10,1.103570905143819E11,-1.3864645653822923E9,-22541.168223351484,19536.421387962553,1667.2262420759666
2021-04-01T00:00,8.672414284551256E10,1.1204503732230186E11,-1.2424162180669289E9,-22904.51400691526,19092.68713706865,1672.903188224365
2021-04-01T00:00,8.474519283531508E10,1.136946454909446E11,-1.0978773826043437E9,-23259.2459367903,18643.014258558436,1677.985677569865
2021-04-01T00:00,8.27355939863764E10,1.1530540192288405E11,-9.528994200623074E8,-23605.289678724283,18187.558253192787,1682.4743575153573
2021-04-01T00:00,8.069609695813463E10,1.168768069559599E11,-8.075336355729805E8,-23942.573023389134,17726.474861216615,1686.3699878633552
2021-04-01T00:00,7.86274586489138E10,1.1840837438396901E11,-6.618312686215867E8,-24271.02586485694,17259.920062536687,1689.6734397501812
2021-04-01T00:00,7.653044201419017E10,1.1989963147737218E11,-5.15843483427171E8,-24590.580180507146,16788.050077557175,1692.385694669736
2021-04-01T00:00,7.440581588659436E10,1.2135011900407312E11,-3.696213594077058E8,-24901.170012364186,16311.021368613143,1694.5078435851356
2021-04-01T00:00,7.22543547975261E10,1.2275939125032129E11,-2.2321588172195008E8,-25202.731449863633,15828.990641943152,1696.0410861264775
2021-04-01T00:00,7.007683880025787E10,1.2412701604178517E11,-7.667793188062242E7,-25495.202614044058,15342.1148501429,1696.9867298729741
2021-04-01T00:00,6.7874053294404465E10,1.2545257476483752E11,6.994172158040255E7,-25778.523643160683,14850.551195042743,1697.3461897176612
2021-04-01T00:00,6.564678885163538E10,1.2673566238808922E11,2.1659243237200847E8,-26052.63667971615,14354.457130952675,1697.1209873128694
2021-04-01T00:00,6.339584104250791E10,1.2797588748420352E11,3.632236856758404E8,-26317.485858902688,13853.990368219067,1696.312750594622
2021-04-01T00:00,6.112201026429872E10,1.2917287225201765E11,5.0978510732721573E8,-26573.01729844911,13349.308877038213,1694.9232133840947
2021-04-01T00:00,5.8826101569712715E10,1.3032625253899376E11,6.562264729636015E8,-26819.179089865265,12840.570891472364,1692.9542150642499
2021-04-01T00:00,5.650892449634836E10,1.3143567786401697E11,8.024977171451527E8,-27055.92129107557,12327.93491361456,1690.4077003297346
2021-04-01T00:00,5.417129289679943E10,1.3250081144055327E11,9.485489424536418E8,-27283.195920432554,11811.55971784919,1687.2857190081018
2021-04-01T00:00,5.1814024769274055E10,1.3352133020017545E11,1.0943304285759418E9,-27500.956952100372,11291.604355155743,1683.5904259503911
2021-04-01T00:00,4.943794208861258E10,1.344969248164609E11,1.2397926413780556E9,-27709.16031279745,10768.228157403759,1679.3240809890756
2021-04-01T00:00,4.704387063758688E10,1.3542729972926059E11,1.3848862419755118E9,-27907.763879886603,10241.590741587474,1674.489048961356
2021-04-01T00:00,4.4632639838364685E10,1.3631217316933374E11,1.529562095805773E9,-28096.72748080007,9711.852013949145,1669.0877997957514
2021-04-01T00:00,4.220508258402356E10,1.3715127718333894E11,1.673771281708126E9,-28276.01289378605,9179.172173940471,1663.122908659906
2021-04-01T00:00,3.976203507000044E10,1.379443576591674E11,1.817465101016342E9,-28445.58384996251,8643.711717971928,1656.5970561675026
2021-04-01T00:00,3.730433662536368E10,1.3869117435160016E11,1.9605950866692142E9,-28605.40603666309,8105.631442900276,1649.5130286421365
2021-04-01T00:00,3.483282954379599E10,1.3939150090826675E11,2.103113012343895E9,-28755.447102059086,7565.092449204833,1641.8737184359723
2021-04-01T00:00,3.2348358914178085E10,1.4004512489587805E11,2.244970901616763E9,-28895.676661040503,7022.25614380349,1633.6821243009697
2021-04-01T00:00,2.9851772450664185E10,1.4065184782670267E11,2.386121037156367E9,-29026.066302338364,6477.284242459762,1624.9413518104298
2021-04-01T00:00,2.734392032214215E10,1.412114851852512E11,2.526515969952788E9,-29146.589596869348,5930.338771732542,1615.6546138285678
2021-04-01T00:00,2.482565498097264E10,1.4172386645512888E11,2.666108528587576E9,-29257.22210728299,5381.582070420486,1605.8252310257894
2021-04-01T00:00,2.229783099090339E10,1.421888351460132E11,2.804851828548204E9,-29357.941398690553,4831.176790453315,1595.4566324372959
2021-04-01T00:00,1.9761304854056526E10,1.4260624882070837E11,2.9426992815907865E9,-29448.727050553764,4279.285897182602,1584.552356062607
2021-04-01T00:00,1.721693483688868E10,1.4297597912222495E11,3.079604605154596E9,-29529.560669710423,3726.072669024914,1573.1160495035444
2021-04-01T00:00,1.46655807950257E10,1.432979118008287E11,3.215521831831702E9,-29600.425904512893,3171.700696410508,1561.1514706381697
2021-04-01T00:00,1.2108103996875786E10,1.4357194674099857E11,3.3504053188948402E9,-29661.30846005431,2616.3338799910466,1548.6624883281295
2021-04-01T00:00,9.545366945927094E9,1.437979979882298E11,3.4842097578863907E9,-29712.196114456183,2060.13642806015,1535.6530831568036
2021-04-01T00:00,6.978233201638079E9,1.439759937756142E11,3.6168901842711387E9,-29753.078736189884,1503.2728531409102,1522.12734819561
2021-04-01T00:00,4.407567198831272E9,1.4410587655012558E11,3.7484019871552396E9,-29783.9483024033,945.9079676948327,1508.089489795762
2021-04-01T00:00,1.8342340655036268E9,1.4418760299853442E11,3.8787009190735936E9,-29804.798918222616,388.2068789070254,1493.5438284027214
2021-04-01T00:00,-7.40900561030807E8,1.4422114407287198E11,4.0077431058475885E9,-29815.626836997923,-169.66501749715928,1478.4947993905434
2021-04-01T00:00,-3.3169707197474275E9,1.4420648501536023E11,4.1354850565149317E9,-29816.43048146,-727.5420444484381,1462.9469539132408
2021-04-01T00:00,-5.8931103133455715E9,1.4414362538271988E11,4.2618836733330355E9,-29807.21046575425,-1285.2582517868348,1446.9049597702515
2021-04-01T00:00,-8.468453297586739E9,1.440325790697655E11,4.386896261857185E9,-29787.96961831633,-1842.647425615357,1430.3736022830283
2021-04-01T00:00,-1.104213387260927E10,1.4387337433219232E11,4.510480541094439E9,-29758.71300555255,-2399.543098797129,1413.3577851797133
2021-04-01T00:00,-1.3613286676289011E10,1.4366605380845624E11,4.632594653733966E9,-29719.44795628673,-2955.7785626384684,1395.8625314847995
2021-04-01T00:00,-1.6181046979712185E10,1.434106745406443E11,4.753197176454252E9,-29670.184086933506,-3511.186879799809,1377.8929844106244
2021-04-01T00:00,-1.874455088482324E10,1.4310730799422958E11,4.87224713030733E9,-29610.933327356655,-4065.6008984757564,1359.454408247477
2021-04-01T00:00,-2.1302935524306854E10,1.427560400766013E11,4.989703991179913E9,-29541.709947369378,-4618.853267884884,1340.5521892490428
2021-04-01T00:00,-2.3855339263759567E10,1.4235697115425604E11,5.10552770033103E9,-29462.53058383181,-5170.77645510915,1321.1918365098477
2021-04-01T00:00,-2.6400901906202637E10,1.419102160685346E11,5.219678675005481E9,-29373.414268299406,-5721.202763322019,1301.3789828313018
2021-04-01T00:00,-2.8938764898983704E10,1.4141590414978357E11,5.332117819122106E9,-29274.38245517417,-6269.964351443532,1281.1193855728854
2021-04-01T00:00,-3.1468071543110752E10,1.4087417922981885E11,5.442806534035603E9,-29165.459050308913,-6816.89325525965,1260.418927484959
2021-04-01T00:00,-3.398796720505744E10,1.4028519965256442E11,5.551706729370303E9,-29046.670440013077,-7361.82141004218,1239.283617519617
2021-04-01T00:00,-3.649759953107457E10,1.396491382827368E11,5.658780833923998E9,-28918.045520406813,-7904.580674704578,1217.7195916159526
2021-04-01T00:00,-3.899611866403772E10,1.3896618251244232E11,5.763991806639616E9,-28779.61572706826,-8445.002857527728,1195.7331134560395
2021-04-01T00:00,-4.1482677462856415E10,1.3823653426555194E11,5.867303147642218E9,-28631.415064917146,-8982.919743488605,1173.330575187882
2021-04-01T00:00,-4.3956431724465256E10,1.3746040999971454E11,5.96867890933845E9,-28473.48013827605,-9518.163123223396,1150.5184981115333
2021-04-01T00:00,-4.641654040841231E10,1.3663804070586804E11,6.068083707575287E9,-28305.85018104876,-10050.564823655273,1127.3035333245255
2021-04-01T00:00,-4.8862165864054924E10,1.3576967190510423E11,6.165482732854526E9,-28128.56708695346,-10579.956740315489,1103.6924623227123
2021-04-01T00:00,-5.129247406036771E10,1.3485556364274098E11,6.260841761599208E9,-27941.675439746465,-11106.170871384886,1079.6921975525709
2021-04-01T00:00,-5.37066348183618E10,1.3389599047945332E11,6.35412716746775E9,-27745.222543370597,-11629.039353481214,1055.3097829109727
2021-04-01T00:00,-5.6103822046109024E10,1.3289124147931255E11,6.445305932711258E9,-27539.258451960268,-12148.394499215852,1030.5523941883866
2021-04-01T00:00,-5.848321397635839E10,1.3184162019458029E11,6.534345659569135E9,-27323.83599963369,-12664.068836541619,1005.4273394514463
2021-04-01T00:00,-6.0843993406726746E10,1.3074744464710309E11,6.62121458169774E9,-27099.010830000745,-13175.895149911332,979.9420593607758
2021-04-01T00:00,-6.318534794243881E10,1.2960904730615076E11,6.705881575626511E9,-26864.841425313283,-13683.70652326467,954.1041274199431
2021-04-01T00:00,-6.550647024158588E10,1.284267750625407E11,6.788316172235594E9,-26621.389135182944,-14187.336384858627,927.9212501513841
2021-04-01T00:00,-6.7806558262865685E10,1.2720098919888892E11,6.868488568248673E9,-26368.718204789824,-14686.618553954495,901.4012671951243
2021-04-01T00:00,-7.008481551575952E10,1.2593206535582724E11,6.946369637734332E9,-26106.89580250367,-15181.387289371813,874.5521513261083
2021-04-01T00:00,-7.234045131309584E10,1.2462039349402551E11,7.021930943608908E9,-25835.992046837706,-15671.47733991715,847.3820083859434
2021-04-01T00:00,-7.457268102594261E10,1.2326637785185667E11,7.095144749133453E9,-25556.08003265361,-16156.723996692848,819.8990771248608
2021-04-01T00:00,-7.678072634076389E10,1.2187043689854242E11,7.165984029397041E9,-25267.23585653468,-16636.96314728799,792.1117289497026
2021-04-01T00:00,-7.896381551876848E10,1.2043300328261673E11,7.2344224827782955E9,-24969.53864124284,-17112.0313318509,764.0284675737583
2021-04-01T00:00,-8.112118365737186E10,1.1895452377554482E11,7.300434542376668E9,-24663.070559173764,-17581.765801039448,735.6579285642911
2021-04-01T00:00,-8.325207295368446E10,1.17435459210335E11,7.363995387404623E9,-24347.916854723175,-18046.004575842067,707.0088787836252
2021-04-01T00:00,-8.535573296993254E10,1.1587628441498225E11,7.425080954531528E9,-24024.165865476247,-18504.58650925923,678.0902157196994
2021-04-01T00:00,-8.743142090070969E10,1.1427748814058226E11,7.48366794916971E9,-23691.909042130956,-18957.351349831548,648.9109667020386
2021-04-01T00:00,-8.94784018419498E10,1.1263957298395682E11,7.539733856692766E9,-23351.240967065314,-19404.139806997136,619.4802879991483
2021-04-01T00:00,-9.149594906150424E10,1.1096305530463226E11,7.593256953575892E9,-23002.25937145767,-19844.79361825717,589.8074637933985
2021-04-01T00:00,-9.348334427119818E10,1.0924846513601485E11,7.644216318447642E9,-22645.06515086847,-20279.155618124754,559.9019050295407
2021-04-01T00:00,-9.543987790023322E10,1.0749634609060887E11,7.692591843042194E9,-22279.762379191514,-20707.069808828343,529.7731481330807
2021-04-01T00:00,-9.736484936979536E10,1.057072552591261E11,7.738364243040893E9,-21906.458320882153,-21128.381432736838,499.43085359482615
2021-04-01T00:00,-9.925756736871959E10,1.0388176310333763E11,7.781515068791486E9,-21525.2634413699,-21542.93704646949,468.8848044180302
2021-04-01T00:00,-1.0111735013005396E11,1.0202045334252267E11,7.822026715893204E9,-21136.291415562642,-21950.584596649383,438.1449044246705
2021-04-01T00:00,-1.0294352570835857E11,1.0012392283337216E11,7.859882435635495E9,-20739.659134349935,-22351.173497255044,407.22117641752715
2021-04-01T00:00,-1.047354322575664E11,9.819278144320932E10,7.895066345277969E9,-20335.48670901312,-22744.55470852033,376.12376019486476
2021-04-01T00:00,-1.0649241830922514E11,9.622765191639316E10,7.927563438158806E9,-19923.8974734505,-23130.58081732821,344.8629104146702
2021-04-01T00:00,-1.0821384305093126E11,9.4229169733776E10,7.957359593618633E9,-19505.017984126556,-23509.106119039592,313.4489943055638
2021-04-01T00:00,-1.098990766047598E11,9.219798296509097E10,7.984441586726634E9,-19078.978017655114,-23879.986700693677,281.8924892216747
2021-04-01T00:00,-1.115475003054852E11,9.013475211415105E10,8.008797097795386E9,-18645.910565927494,-24243.080525511738,250.20398003895738
2021-04-01T00:00,-1.1315850697838133E11,8.804014995674683E10,8.030414721670753E9,-18205.95182869811,-24598.247518631506,218.39415639062838
2021-04-01T00:00,-1.1473150121638084E11,8.591486137113707E10,8.049283976782903E9,-17759.24120354154,-24945.34965399458,186.47380973961126
2021-04-01T00:00,-1.1626589965636684E11,8.375958316103194E10,8.065395313944406E9,-17305.921273096978,-25284.251042304644,154.45383028610505
2021-04-01T00:00,-1.1776113125436241E11,8.157502387097682E10,8.078740124881125E9,-16846.137789518114,-25614.818019969414,122.34520370862748
2021-04-01T00:00,-1.1921663755937677E11,7.936190359405147E10,8.089310750481551E9,-16380.039656048797,-25936.91923893462,90.15900773713372
2021-04-01T00:00,-1.206318729856594E11,7.712095377180751E10,8.097100488750039E9,-15907.778905647489,-26250.425757313507,57.906408557074364
2021-04-01T00:00,-1.2200630508310733E11,7.485291698637563E10,8.10210360244937E9,-15429.510676586407,-26555.21113071075,25.59865704353014
2021-04-01T00:00,-1.2333941480556439E11,7.255854674468222E10,8.104315326417932E9,-14945.393184954424,-26851.151504134996,-6.752915175152779
2021-04-01T00:00,-1.2463069677674446E11,7.023860725472496E10,8.103731874546799E9,-14455.587693996164,-27138.125704389666,-39.13689982450472
2021-04-01T00:00,-1.2587965955350574E11,6.789387319386569E10,8.100350446401961E9,-13960.258480223523,-27416.015332827265,-71.54181626181987
2021-04-01T00:00,-1.2708582588619705E11,6.552512946910941E10,8.09416923347694E9,-13459.572796239756,-27684.704858347915,-103.95611592443666
2021-04-01T00:00,-1.2824873297579216E11,6.313317096934815E10,8.085187425061069E9,-12953.700830220529,-27944.081710518658,-136.36818694772717
2021-04-01T00:00,-1.2936793272752321E11,6.071880230955934E10,8.073405213708785E9,-12442.815662000918,-28194.036372685918,-168.76635895177031
2021-04-01T00:00,-1.304429920007201E11,5.8282837566959274E10,8.058823800295352E9,-11927.09321572207,-28434.462474949447,-201.1389079953317
2021-04-01T00:00,-1.3147349285455849E11,5.582610000912364E10,8.041445398644555E9,-11406.712208996367,-28665.256886862317,-233.47406169541273
2021-04-01T00:00,-1.3245903278941577E11,5.334942181409874E10,8.021273239714071E9,-10881.854098555244,-28886.319809717854,-265.76000451026323
2021-04-01T00:00,-1.3339922498353094E11,5.0853643782539116E10,7.998311575324385E9,-10352.703022349448,-29097.5548682809,-297.9848831833745
2021-04-01T00:00,-1.3429369852466194E11,4.833961504191965E10,7.972565681417341E9,-9819.445738077347,-29298.86920181763,-330.1368123455868
2021-04-01T00:00,-1.3514209863643182E11,4.580819274288261E10,7.944041860830683E9,-9282.27155812306,-29490.173554275138,-362.2038802720554
2021-04-01T00:00,-1.3594408689905365E11,4.3260241747793236E10,7.912747445575177E9,-8741.372280892492,-29671.382363459183,-394.1741547904252
2021-04-01T00:00,-1.3669934146412276E11,4.069663431159036E10,7.878690798601284E9,-8196.942118541974,-29842.413849056134,-426.03568933616384
2021-04-01T00:00,-1.3740755726316478E11,3.811824975503191E10,7.84188131504264E9,-7649.177621101014,-30003.190099342886,-457.7765291506042
2021-04-01T00:00,-1.380684462096279E11,3.5525974130448685E10,7.802329422924027E9,-7098.277596997684,-30153.637156426652,-489.3847176168401
2021-04-01T00:00,-1.3868173739400848E11,3.2920699880133423E10,7.760046583321933E9,-6544.443030002396,-30293.685099855047,-520.8483027282188
2021-04-01T00:00,-1.392471772718007E11,3.0303325487505947E10,7.715045289966215E9,-5987.876992613218,-30423.268128435604,-552.1553436837676
2021-04-01T00:00,-1.3976452984396246E11,2.767475512120911E10,7.667339068271937E9,-5428.784555913453,-30542.324640103037,-583.2939176044936
2021-04-01T00:00,-1.4023357682959338E11,2.5035898272304207E10,7.616942473790909E9,-4867.3726959399255,-30650.797309672136,-614.2521263640965
2021-04-01T00:00,-1.4065411783052258E11,2.2387669384748535E10,7.5638710900730505E9,-4303.850196608267,-30748.633164314033,-645.0181035272436
2021-04-01T00:00,-1.4102597048750955E11,1.9730987479351803E10,7.508141525928297E9,-3738.4275492494367,-30835.78365659397,-675.5800213881713
2021-04-01T00:00,-1.413489706277647E11,1.7066775771422085E10,7.449771412080359E9,-3171.3168488197716,-30912.204734909385,-705.9260981019996
2021-04-01T00:00,-1.4162297240350275E11,1.4395961282325914E10,7.388779397204347E9,-2602.731686854936,-30977.85691116836,-736.0446049007805
2021-04-01T00:00,-1.41847848421247E11,1.1719474445200968E10,7.3251851433409195E9,-2032.8870412462982,-31032.70532555002,-765.9238733859443
2021-04-01T00:00,-1.420234898616107E11,9.038248705073446E9,7.259009320680374E9,-1461.999162926384,-31076.71980819061,-795.5523028884655
2021-04-01T00:00,-1.4214980658928754E11,6.353220113645778E9,7.190273601710811E9,-890.2854595581998,-31109.874937641387,-824.9183678877414
2021-04-01T00:00,-1.4222672725299338E11,3.6653269190335617E9,7.119000654725309E9,-317.9643763312728,-31132.150095947523,-854.0106254798596
2021-04-01T00:00,-1.422541993751084E11,9.755091507436957E8,7.045214136683849E9,254.74472602472304,-31143.52952020054,-882.8177228856382
2021-04-01T00:00,-1.4223218943077988E11,-1.715291799801631E9,6.96893868542653E9,827.6216958899964,-31144.002350420724,-911.3284049885349
2021-04-01T00:00,-1.4216068291625497E11,-4.406133602877981E9,6.89019991123552E9,1400.4457179417955,-31133.56267363026,-939.5315218922655
2021-04-01T00:00,-1.420396844062248E11,-7.096073417879635E9,6.809024387744029E9,1972.9954427445423,-31112.20956398258,-967.4160364877243
2021-04-01T00:00,-1.4186921759997165E11,-9.78416832420773E9,6.725439642191489E9,2545.0491186013755,-31079.947118818658,-994.9710320185786
2021-04-01T00:00,-1.4164932535612448E11,-1.2469475755273663E10,6.6394741450250845E9,3116.384725518298,-31036.784490526563,-1022.1857196347056
2021-04-01T00:00,-1.413800697158397E11,-1.5151053935255157E10,6.551157298848646E9,3686.780111125149,-30982.735914086676,-1049.0494459224633
2021-04-01T00:00,-1.4106153191423846E11,-1.7827962318232246E10,6.460519426720945E9,4256.0131283908795,-30917.820730191466,-1075.5517004006272
2021-04-01T00:00,-1.406938123799455E11,-2.049926202932079E10,6.367591759806332E9,4823.8617749641835,-30842.063403835546,-1101.6821229706952
2021-04-01T00:00,-1.402770307225886E11,-2.316401630741218E10,6.272406424381663E9,5390.104333964368,-30755.493538279017,-1127.430511310156
2021-04-01T00:00,-1.3981132570813406E11,-2.5821290949119488E10,6.174996428204466E9,5954.5195160415915,-30658.145884294805,-1152.7868281972358
2021-04-01T00:00,-1.3929685522194806E11,-2.847015475352256E10,6.075395646248224E9,6516.886602520099,-30550.060344618603,-1177.7412087555902
2021-04-01T00:00,-1.3873379621949033E11,-3.1109679967297607E10,5.973638805811741E9,7076.985589433083,-30431.281973528494,-1202.2839676073786
2021-04-01T00:00,-1.381223446645633E11,-3.373894272981047E10,5.869761471010464E9,7634.597332253089,-30301.860971489947,-1226.4056059231734
2021-04-01T00:00,-1.3746271545505664E11,-3.63570235177472E10,5.763800026658702E9,8189.503691117704,-30161.85267481093,-1250.0968183571872
2021-04-01T00:00,-1.3675514233614407E11,-3.896300758885086E10,5.655791661552641E9,8741.487676346482,-30011.317540261094,-1273.348499856376
2021-04-01T00:00,-1.3599987780090773E11,-4.155598542432942E10,5.5457743511650505E9,9290.333594041766,-29850.32112461861,-1296.1517523320715
2021-04-01T00:00,-1.3519719297838252E11,-4.413505316949647E10,5.433786839763559E9,9835.827191563272,-29678.934059117943,-1318.4978911829328
2021-04-01T00:00,-1.3434737750903145E11,-4.6699313072204254E10,5.319868621965354E9,10377.755802664034,-29497.232018781895,-1340.3784516581698
2021-04-01T00:00,-1.3345073940768127E11,-4.924787391862701E10,5.204059923742088E9,10915.908492073519,-29305.29568663136,-1361.785195050189
2021-04-01T00:00,-1.3250760491396613E11,-5.177985146595196E10,5.086401682889752E9,11450.076199312558,-29103.210712776567,-1382.7101147060378
2021-04-01T00:00,-1.3151831833034552E11,-5.429436887153585E10,4.966935528979151E9,11980.051881524063,-28891.06766840395,-1403.145441847286
2021-04-01T00:00,-1.3048324184778185E11,-5.679055711808595E10,4.845703762803545E9,12505.630655103405,-28668.961994683395,-1423.0836511882733
2021-04-01T00:00,-1.2940275535918091E11,-5.92675554344266E10,4.7227493353408785E9,13026.60993591286,-28436.993946630962,-1442.5174663429657
2021-04-01T00:00,-1.2827725626071803E11,-6.172451171141551E10,4.598115826248846E9,13542.789577865551,-28195.268531972884,-1461.439865011023
2021-04-01T00:00,-1.2710715924119044E11,-6.416058291257797E10,4.471847421911894E9,14053.972009665991,-27943.895445067057,-1479.8440839340449
2021-04-01T00:00,-1.258928960595553E11,-6.657493547903177E10,4.343988893059993E9,14559.96236949654,-27682.988995948705,-1497.723623613379
2021-04-01T00:00,-1.246349153108308E11,-6.896674572828174E10,4.214585571979797E9,15060.568637441915,-27412.668034577233,-1515.0722527812916
2021-04-01T00:00,-1.2333368218055582E11,-7.133520024646921E10,4.0836833293394933E9,15555.60176544726,-27133.055870371492,-1531.884012617768
2021-04-01T00:00,-1.2198967818802118E11,-7.367949627366931E10,3.951328550649318E9,16044.875804609197,-26844.280187130717,-1548.1532207056757
2021-04-01T00:00,-1.2060340091850294E11,-7.59988420818374E10,3.8175681123803477E9,16528.20802960382,-26546.472953448167,-1563.8744747175344
2021-04-01T00:00,-1.1917536374474518E11,-7.829245734501532E10,3.682449357764753E9,17005.419060060594,-26239.77032873416,-1579.0426558276408
2021-04-01T00:00,-1.1770609553795595E11,-8.055957350141795E10,3.5460200723012447E9,17476.332978696704,-25924.31256497441,-1593.6529318438497
2021-04-01T00:00,-1.1619614036859656E11,-8.279943410703174E10,3.408328458989936E9,17940.77744603244,-25600.243904358646,-1607.7007600538545
2021-04-01T00:00,-1.1464605719725935E11,-8.501129518036833E10,3.269423113321283E9,18398.583811514796,-25267.71247292309,-1621.1818897813832
2021-04-01T00:00,-1.1305641955594447E11,-8.719442553802888E10,3.1293529980441713E9,18849.58722088352,-24926.87017035873,-1634.092364648311
2021-04-01T00:00,-1.1142781522006013E11,-8.934810712074788E10,2.9881674177385573E9,19293.62671962122,-24577.87255614512,-1646.4285245392782
2021-04-01T00:00,-1.0976084587148486E11,-9.147163530959882E10,2.845915993218364E9,19730.545352337183,-24220.878732177043,-1658.1870072660051
2021-04-01T00:00,-1.0805612675304294E11,-9.356431923205891E10,2.7026486357905807E9,20160.190257942733,-23856.051222058275,-1669.3647499291105
2021-04-01T00:00,-1.0631428631475668E11,-9.562548205764474E10,2.5584155213967056E9,20582.41276048469,-23483.55584724334,-1679.9589899758444
2021-04-01T00:00,-1.0453596585225081E11,-9.765446128284657E10,2.4132670646627927E9,20997.068455512475,-23103.56160021414,-1689.9672659527726
2021-04-01T00:00,-1.0272181913769453E11,-9.965060900510507E10,2.2672538928844733E9,21404.01729186369,-22716.24051488396,-1699.3874179530624
2021-04-01T00:00,-1.008725120436775E11,-1.0161329218559105E11,2.1204268199733288E9,21803.123648762612,-22321.76753442635,-1708.2175877586396
2021-04-01T00:00,-9.898872216042442E10,-1.0354189290056549E11,1.9728368203909824E9,22194.256408135876,-21920.32037673084,-1716.4562186780986
2021-04-01T00:00,-9.707113840676149E10,-1.0543580858111504E11,1.8245350030971947E9,22577.289022059595,-21512.079397691443,-1724.1020550818569
2021-04-01T00:00,-9.512046063525554E10,-1.0729445224107558E11,1.6755725855381222E9,22952.09957526244,-21097.227452537263,-1731.1541416366492
2021-04-01T00:00,-9.313739923195287E10,-1.091172526929748E11,1.5260008677007158E9,23318.570842619494,-20675.94975541724,-1737.611822242045
2021-04-01T00:00,-9.112267471115054E10,-1.1090365475184283E11,1.3758712062590032E9,23676.59034158217,-20248.433737453423,-1743.4747386722586
2021-04-01T00:00,-8.907701730563785E10,-1.126531194267588E11,1.22523498883772E9,24026.05037949999,-19814.86890347866,-1748.7428289270867
2021-04-01T00:00,-8.700116655284904E10,-1.1436512410001936E11,1.0741436084184196E9,24366.848095800528,-19375.4466876758,-1753.4163252963672
2021-04-01T00:00,-8.489587087737187E10,-1.1603916269383455E11,9.226484379128134E8,24698.885499004467,-18930.360308335894,-1757.4957521428828
